386.44156
925.6623
387.39706
924.2258
389.11456
924.70044
388.98495
926.21027
387.02097
926.191
386.44156
925.6623
413.7566
930.52234
412.6316
929.6223
414.77893
928.7005
415.37238
929.2082
414.92654
931.1072
414.02664
930.74725
413.7566
930.52234
440.62155
935.51733
440.62155
935.51733
426.62656
942.8973
424.29144
941.33417
423.07156
940.64734
421.4626
939.66943
419.7434
938.47736
418.9251
937.8581
417.5366
936.6873
416.29913
935.5398
415.06165
934.3923
416.2091
935.20233
417.35663
936.0124
418.3128
936.6451
419.83716
937.50574
422.32486
938.5626
423.3866
939.16235
425.4678
940.30414
426.28482
940.6874
427.67984
941.7202
427.56595
943.426
426.62656
942.8973
430.58658
1083.0273
430.85095
1081.3004
431.3277
1079.5245
431.6455
1078.2926
431.96332
1077.013
432.18832
1075.8091
432.3866
1074.1174
432.29166
1073.1033
431.81708
1071.2748
431.3868
1070.0011
430.90576
1068.8263
430.1083
1067.213
429.5959
1066.5173
428.4
1065.3411
427.75717
1064.3691
426.83698
1062.6525
425.91678
1060.9358
425.45657
1060.0773
424.59314
1058.3928
423.72977
1056.7085
423.46674
1056.2725
422.67786
1054.9642
421.9128
1054.3251
420.19025
1054.271
419.15442
1053.2858
418.5037
1052.171
417.67154
1050.5372
417.1105
1049.5964
415.9883
1047.7147
415.4272
1046.7742
414.38092
1045.3093
413.3347
1043.8446
412.81155
1043.1122
412.18158
1042.3344
410.9216
1040.7788
409.66165
1039.2231
408.4017
1037.6676
408.0416
1037.206
406.9616
1035.8224
405.38657
1035.9349
403.81155
1036.0475
403.20547
1036.1373
401.38712
1036.4072
400.30307
1036.7786
399.1618
1037.3854
397.68228
1037.3014
396.61157
1036.6323
395.09216
1035.4974
393.74686
1034.7793
392.90698
1034.4016
391.59744
1033.9738
390.36218
1034.326
388.95737
1033.6461
387.60168
1033.4983
386.03662
1034.2472
384.8441
1034.9897
383.65158
1035.7323
384.41513
1037.0598
385.54153
1038.3424
386.16702
1038.9966
387.13736
1040.13
387.70206
1041.2964
387.83655
1042.7073
387.98267
1044.4454
388.33167
1045.6775
388.72537
1047.2241
388.88846
1048.4532
389.05157
1049.6824
389.15494
1051.317
389.04047
1052.693
388.4963
1054.0469
387.8197
1055.4535
387.3978
1056.7023
387.04202
1057.9412
386.52173
1059.384
385.87064
1060.5034
385.02692
1062.0559
384.5036
1063.0856
382.93945
1063.5474
381.22406
1063.7089
379.8716
1063.8121
377.81985
1063.8896
376.794
1063.9282
374.7423
1064.0055
373.7164
1064.0443
371.59647
1063.9789
370.5365
1063.9463
369.4766
1063.9136
368.03528
1063.7042
367.02545
1063.3947
366.31815
1062.2358
366.96216
1060.8844
367.78558
1059.4761
368.36877
1058.3401
368.84656
1057.141
369.2474
1055.4915
369.3865
1053.8671
369.11258
1052.849
368.3612
1051.5287
367.13098
1049.761
366.54153
1049.117
365.36276
1047.8287
364.77338
1047.1848
363.39
1045.9811
362.00662
1044.7775
361.38785
1044.2665
360.33594
1043.3018
359.46832
1042.1733
358.94653
1040.9525
358.61746
1039.2021
358.4825
1038.0024
358.4065
1036.1542
358.52472
1035.0189
358.6428
1033.8838
359.05206
1032.5275
359.89157
1030.8499
360.5666
1029.5674
361.2866
1028.5576
362.00656
1027.548
363.40158
1025.8126
364.0991
1024.945
364.79657
1024.0774
366.0988
1022.37866
366.74988
1021.52936
367.40097
1020.6798
368.1948
1019.5081
368.65424
1018.1747
369.4316
1016.70856
370.40292
1015.5251
371.21295
1014.6223
372.67157
1013.0972
373.03052
1012.72925
374.10733
1011.625
375.01157
1010.5323
375.45703
1009.3225
375.73486
1007.9557
376.49237
1006.8809
377.28867
1005.26166
377.7689
1004.1713
378.4133
1002.52014
378.6472
1001.4575
379.05978
999.983
380.00055
999.0548
381.31165
998.29254
382.7965
997.0773
383.5591
996.3305
384.38287
995.2884
384.65918
993.87103
384.6162
992.5267
384.31393
991.15704
384.08466
989.9448
385.06552
989.0209
386.46887
987.942
387.4948
987.13934
389.16968
985.81036
389.62814
985.3463
390.59558
984.0349
391.72415
982.59906
392.6865
981.4291
393.8588
980.0463
395.0311
978.66364
396.2034
977.28094
397.3757
975.8982
397.96158
975.2073
399.06412
973.9248
400.16666
972.6424
399.6716
972.2034
398.18665
970.887
397.73938
970.523
396.3978
969.4304
395.30942
968.66693
394.04657
967.78784
393.4191
966.727
392.04056
965.1931
390.76785
963.8819
390.13156
963.2261
389.4605
962.59015
388.11838
961.31824
386.77625
960.0463
386.0883
959.4427
384.71237
958.2351
383.33646
957.02747
382.7413
956.49023
381.8105
955.5676
381.22916
954.3793
381.4986
952.8103
381.77493
951.3923
381.8804
950.1463
380.89108
949.5727
380.00653
950.41223
378.65652
952.1897
377.3065
953.9671
377.30655
953.9672
376.20972
955.36664
375.68658
956.25104
375.95657
957.6573
376.44455
958.8765
376.4129
960.59143
375.93475
961.77264
374.90225
963.1515
374.2079
963.9207
372.81522
965.0114
371.40137
965.91626
370.4518
966.4576
369.27808
966.8263
367.569
966.6827
366.09586
966.1959
364.91812
965.5913
364.2622
964.6577
363.26657
963.1475
362.64993
962.3092
362.2363
960.7242
362.25977
959.304
362.4362
957.85583
362.67062
956.58466
363.31155
955.2328
364.21515
954.32837
366.0217
953.3132
366.75525
952.952
368.0167
952.2348
368.84546
951.09
369.5497
949.45465
370.2079
948.17633
370.69156
947.30725
371.374
945.9283
371.7273
944.2709
371.84012
942.8834
371.90662
941.09735
372.0022
939.32275
372.09787
937.54816
372.15125
937.2946
372.62665
935.9221
373.35217
934.7691
374.11157
933.04236
374.6727
931.7936
375.1831
930.88226
375.86655
929.6729
375.7945
928.23535
376.0638
926.8508
376.81155
925.6623
378.02664
924.0422
377.35156
923.1198
376.67657
922.19727
375.69427
920.68774
375.09598
919.19916
374.87692
918.0626
374.6579
916.92596
374.40723
914.9941
374.15652
913.0622
374.0609
912.15295
373.8696
910.3342
373.77405
909.42505
373.74033
907.74445
373.78635
906.8297
374.36823
905.6568
376.32156
905.4038
377.50873
905.5543
378.69595
905.70483
380.57175
906.10767
381.6756
906.4058
383.11157
906.89734
384.20984
907.5294
384.43033
908.64777
383.33658
909.6873
381.98654
910.6773
382.90906
912.02734
383.83157
913.3774
384.54025
914.3139
385.24905
915.2504
386.2897
915.6989
387.0097
914.4474
387.7015
912.88214
388.0771
911.7676
388.42584
910.42664
388.61288
908.8955
388.55655
907.6623
388.4757
906.12036
388.8374
904.85156
389.94342
904.093
388.6465
902.7432
387.34146
901.9472
386.6511
901.53955
385.2701
900.7238
384.1002
899.9926
382.66162
899.0224
381.6716
898.41187
380.68155
897.8017
379.2191
897.0395
377.75656
896.2772
376.21817
895.47003
374.67978
894.66284
374.12143
894.3016
372.44656
893.2174
371.82355
892.82184
370.3617
892.0459
369.52298
891.66547
367.56915
890.9732
366.53156
890.68054
364.98373
890.27795
363.4527
889.9482
362.06335
889.7565
360.84583
889.67596
359.5865
889.77325
358.2884
890.1404
358.18732
888.762
359.06052
887.4449
360.40466
886.42633
361.89215
885.4332
362.63583
884.93665
364.17896
884.01105
365.72205
883.08545
367.26517
882.1599
368.03656
881.69727
369.56088
880.8817
371.08524
880.06616
371.72937
879.77637
373.6616
878.90735
375.03406
878.3223
376.4066
877.73737
377.00146
877.532
378.78592
876.9161
380.8042
876.3445
381.81332
876.0587
383.83157
875.4871
384.82153
875.2173
385.81152
874.94727
387.79147
874.40735
389.77142
873.8674
390.76157
873.5973
392.61887
873.55634
393.54752
873.5359
395.40482
873.49493
397.26212
873.45404
399.11942
873.41315
400.9767
873.3722
401.90927
873.35596
403.7747
873.3233
405.6401
873.2906
407.50552
873.2579
409.37094
873.2252
411.23636
873.1925
411.8036
872.40924
412.9376
870.84326
413.5046
870.06024
414.07156
869.2773
415.1347
867.7585
416.19788
866.23975
417.26102
864.721
418.32416
863.2023
418.81158
862.4223
419.78662
860.8623
420.7617
859.3023
421.73676
857.7423
422.7118
856.1823
423.21222
855.40375
424.2135
853.84674
425.21478
852.2897
425.75162
851.5273
426.2885
850.7648
427.3623
849.2398
428.4361
847.7148
429.5099
846.18976
430.04654
845.4273
431.0591
844.00977
432.0717
842.5923
432.5666
842.01855
433.7746
841.1242
434.84192
839.8586
435.67154
838.8123
436.5547
837.7351
437.4378
836.6579
438.5965
835.61725
439.62454
835.0464
440.9148
834.0983
442.87433
832.6466
443.6568
832.1304
445.22162
831.0979
446.78644
830.0655
446.78656
830.06537
448.37848
829.09033
449.97043
828.1153
450.76627
827.6277
452.1739
826.875
453.58157
826.1223
454.7129
825.7096
455.84424
825.2968
457.22156
825.62
457.50116
827.2575
457.45163
829.1823
457.3118
830.01917
457.0323
831.69293
456.63995
833.4944
456.38736
834.45886
455.88217
836.38794
455.58948
837.23645
455.00412
838.93335
454.71146
839.78186
454.157
841.00024
453.448
842.0607
452.46082
843.6076
451.51166
845.3373
451.05737
846.1332
450.1489
847.725
449.69467
848.521
448.5331
850.2142
447.37155
851.90735
447.37155
851.9073
446.18094
853.6117
444.99033
855.31604
444.395
856.1683
443.79968
857.02045
442.805
858.5982
441.8103
860.17596
440.8156
861.7538
439.82092
863.33154
438.82623
864.9093
437.83154
866.48706
437.23535
867.4323
436.6391
868.3773
435.4466
870.2673
435.44653
870.2673
437.53455
870.14124
439.62256
870.0152
440.66656
869.9523
441.76767
869.92554
443.96988
869.87213
445.07095
869.8454
445.97748
869.9588
447.14655
870.31226
448.5363
870.6747
450.0201
870.38074
451.99557
870.28375
453.50723
870.26666
455.3921
870.2725
456.3345
870.2754
458.21933
870.2812
459.1616
870.2841
461.0753
870.34546
462.98895
870.4068
464.90265
870.4681
465.85956
870.4986
467.06125
870.58
468.26303
870.66144
469.9391
871.2003
471.22165
872.24445
471.95282
872.968
473.4153
874.415
474.14655
875.13855
475.411
876.4919
476.67545
877.8452
477.3078
878.522
478.51718
879.9521
479.72656
881.3822
479.72656
881.3823
480.87408
883.0136
482.02158
884.6449
483.1691
886.27625
484.31662
887.90753
484.31662
887.9073
485.4641
889.4935
486.61163
891.0798
487.75916
892.66595
488.90665
894.2523
489.19904
894.6868
490.07645
895.9905
490.65036
897.2181
491.0996
898.3373
491.17206
896.66833
491.15515
895.5644
491.15088
893.9655
491.38153
893.08234
492.5516
894.56714
492.98187
895.7669
493.16534
897.5081
493.2369
899.01886
493.25766
900.87946
493.27838
902.74005
493.29913
904.60065
493.31985
906.46124
493.33023
907.39154
493.35095
909.25214
493.36154
910.1823
493.33905
912.0308
493.31656
913.87933
493.29407
915.7279
493.27158
917.5764
493.2491
919.4249
493.22662
921.27344
493.2153
922.19727
493.09857
923.63165
492.98187
925.06604
492.6929
926.4582
492.1867
927.96466
491.77676
929.0071
490.91513
930.45984
490.2942
931.3419
489.29324
932.53534
487.9167
933.58234
486.97153
934.3627
485.8916
935.4301
485.12656
936.2373
483.75262
937.76483
482.37866
939.29236
481.60324
940.02344
480.82767
940.7545
479.27655
942.2167
478.54318
942.8021
477.07642
943.97314
476.34317
944.5587
475.4131
945.1676
474.35196
945.743
473.56158
946.63226
475.2639
947.04364
476.55484
946.98883
477.7429
946.53076
479.0997
946.32465
479.46848
947.4965
478.67514
949.06696
477.93146
950.1501
477.13522
951.1551
476.218
952.11804
476.06473
953.23175
477.49902
954.13025
479.3441
955.10925
480.26657
955.59863
482.1116
956.57745
483.03406
957.0802
483.95657
957.5831
485.80157
958.58887
486.7241
959.0917
487.77347
959.77356
488.63657
960.49225
489.5027
961.783
490.59195
962.4793
491.98383
962.7311
493.09167
964.40717
493.5862
965.51575
493.98038
966.7809
493.18164
967.8723
492.41928
969.1914
491.82315
971.31476
491.5799
972.2484
491.33655
973.18225
490.9006
975.01605
490.46463
976.8499
490.28894
977.3953
489.7617
979.03235
489.13156
980.7423
488.50153
982.4524
488.18655
983.3073
487.7394
984.5869
487.29218
985.86664
486.748
987.15344
486.2077
988.4194
485.4899
990.09344
484.7721
991.7675
484.3879
992.8389
484.0037
993.9104
483.68658
995.1423
483.10153
996.5373
482.35483
998.0644
481.7136
999.53815
480.92886
1001.46765
480.53653
1002.4324
480.20657
1003.27734
479.5466
1004.9674
478.8866
1006.65753
478.22662
1008.34766
477.56665
1010.0378
477.1869
1010.99634
476.80722
1011.9554
476.48654
1013.23224
475.59064
1014.6131
474.5797
1015.5555
472.93655
1016.61786
472.15836
1016.9563
470.54654
1017.34717
469.2865
1017.9262
467.81094
1018.80743
466.88205
1019.3347
465.25623
1020.2016
464.33615
1020.63763
462.49585
1021.5096
460.65555
1022.38153
459.73535
1022.81726
458.0278
1023.53564
456.32022
1024.2539
454.61267
1024.9723
453.7589
1025.3315
452.91177
1025.6326
451.2177
1026.2345
449.52365
1026.8363
448.67654
1027.1372
446.2128
1027.8798
445.3916
1028.1273
444.44656
1027.1823
443.62817
1026.2852
442.77313
1025.2051
442.17014
1023.98737
441.6477
1022.06757
441.37674
1020.8676
441.071
1018.95447
440.76526
1017.04144
440.61237
1016.0849
440.30664
1014.1719
440.20236
1013.22394
439.99393
1011.3284
439.7855
1009.433
439.57703
1007.5375
439.47266
1006.58984
439.34933
1004.8361
439.22604
1003.0824
439.20367
1002.33496
439.1589
1000.8399
439.11407
999.54944
439.04663
997.92096
438.82156
997.0323
437.58514
997.84033
436.0203
999.1859
434.69278
1000.35095
433.9911
1001.0306
432.58765
1002.3896
431.88596
1003.06934
430.92123
1004.14575
429.95648
1005.22217
428.9891
1006.3473
428.0216
1007.4724
427.4366
1008.23157
426.7953
1009.4846
426.21878
1010.91486
425.85593
1011.9273
425.90656
1013.27734
426.1935
1015.09406
426.25253
1016.5257
426.31158
1017.9572
426.35324
1019.49915
426.49405
1020.8134
426.7667
1022.0347
427.20383
1023.2982
427.98587
1025.03
428.60098
1026.4299
429.30966
1028.0753
429.66406
1028.8978
429.96783
1030.0054
429.9818
1031.4797
430.36578
1032.8573
430.96906
1034.3092
431.80008
1035.5269
432.63974
1036.4364
433.8712
1036.8502
434.50577
1038.151
434.81653
1039.8273
435.20612
1041.005
436.07657
1042.2292
437.2104
1043.3182
438.16663
1044.1464
439.90155
1045.5421
440.62714
1046.0542
441.56378
1046.6702
442.84558
1047.2937
443.776
1048.6124
444.3798
1049.7731
445.03738
1051.3923
445.51108
1052.5933
446.27463
1054.5762
446.6657
1055.3916
447.19724
1056.549
447.61905
1057.5741
448.1816
1059.5822
448.4881
1060.7517
448.87906
1061.7142
449.82907
1062.9778
450.72217
1063.9369
451.24283
1065.373
451.36252
1067.2518
451.43842
1068.4418
451.6325
1070.087
451.82657
1071.7324
451.95032
1072.7223
452.1978
1074.7023
452.32156
1075.6924
451.60156
1076.8173
450.88156
1077.9423
449.97882
1079.267
449.24472
1080.2203
448.44595
1081.2836
447.68378
1082.4352
446.29163
1082.5323
444.93317
1082.6644
443.57474
1082.7966
442.03064
1083.1145
440.4866
1083.4324
438.816
1083.75
437.14545
1084.0677
436.32687
1084.1339
434.68997
1084.266
433.87158
1084.3323
431.40784
1084.3323
430.58658
1084.3323
430.58658
1083.0272
430.58658
1083.0273
440.7116
1080.2822
442.78723
1079.6467
443.76172
1079.4485
444.96832
1079.0615
445.54904
1077.993
444.0416
1077.1771
442.48917
1076.6372
441.4203
1076.3448
439.7665
1076.0072
438.04535
1075.771
437.30286
1076.3785
436.96542
1077.751
436.61655
1079.1234
436.2565
1080.4961
436.33533
1081.1823
437.84283
1081.05
439.64282
1080.6001
440.7116
1080.2822
440.7116
1080.2822
448.27158
1074.7924
448.9817
1073.1436
449.1428
1071.8308
449.07425
1070.3748
448.8159
1068.5465
448.38623
1067.3043
447.95657
1066.0623
447.34064
1064.5773
446.96094
1063.4973
446.55316
1062.4172
445.52374
1061.3049
444.75598
1059.8677
444.19907
1058.8341
442.37656
1058.9749
441.02652
1059.5824
440.14343
1060.083
439.2603
1060.5836
439.27158
1062.4398
439.99155
1064.5547
440.35156
1065.612
440.63284
1066.4897
441.1954
1068.2448
441.4766
1069.1223
440.26147
1070.1123
439.35028
1070.8212
440.1491
1071.3723
441.2516
1071.6873
442.87164
1072.126
442.62408
1072.5647
441.44284
1073.0035
440.8241
1073.6786
442.51166
1074.3875
443.2991
1074.7361
444.87415
1075.4336
445.6616
1075.7822
447.03406
1075.996
448.27158
1074.7921
448.27158
1074.7924
381.4016
1060.0323
383.2466
1060.0323
383.69656
1058.1273
384.14658
1056.2224
384.37158
1055.2699
384.5966
1054.3173
384.98813
1052.2877
385.37967
1050.2582
385.57532
1049.2435
385.68085
1048.243
385.7926
1046.8287
385.81155
1045.5873
385.72293
1043.9053
385.50784
1042.831
384.40356
1041.4277
383.26904
1040.4799
382.3466
1039.7373
381.03036
1040.8088
380.0066
1041.9198
378.7915
1043.3373
379.14032
1044.0911
379.83783
1045.5986
380.41858
1046.9824
380.88263
1048.2422
381.2139
1049.3873
381.33408
1050.7849
380.928
1051.9738
379.6466
1052.9222
378.29657
1053.4172
380.0853
1054.2947
380.68155
1054.5872
382.25934
1055.5118
383.21295
1056.3141
382.58466
1056.6926
381.69727
1057.0482
381.78424
1058.5315
380.68155
1058.5922
379.30206
1058.5416
377.85074
1059.5808
377.9447
1060.3666
379.46234
1060.1631
380.99515
1060.0535
381.4016
1060.0323
435.71658
1059.3573
437.7189
1058.9203
438.96625
1058.5896
440.70596
1058.0354
441.57465
1057.6364
442.67416
1057.0474
443.25403
1055.8164
442.91656
1054.4958
442.24155
1052.5172
441.81583
1051.4789
441.39014
1050.4403
440.66092
1049.2323
439.65338
1048.4293
437.96658
1047.5674
436.8838
1047.1116
435.80093
1046.656
434.70264
1047.3994
433.42157
1047.5223
432.71848
1046.1779
431.96332
1044.0812
431.7116
1043.3823
431.064
1041.7562
430.4164
1040.1302
429.9555
1039.1644
429.03375
1037.2324
428.57285
1036.2666
428.13303
1035.459
427.25342
1033.8438
426.8136
1033.0359
426.06543
1031.9556
424.5566
1032.2449
423.34155
1032.8074
422.0675
1033.3262
420.5404
1033.7523
418.4309
1034.0897
417.3762
1034.2585
416.32162
1034.4274
414.32355
1034.6792
412.3255
1034.931
411.32648
1035.057
411.62756
1035.8392
412.58655
1037.296
413.40707
1038.3506
414.2101
1039.1749
415.24777
1040.4904
415.90112
1041.6104
416.87146
1043.3317
417.35657
1044.1923
418.23322
1045.8071
419.10986
1047.422
419.54825
1048.2296
420.26648
1049.3159
420.9847
1050.4023
422.09702
1051.296
423.5439
1051.7639
425.08148
1052.195
426.19138
1052.5024
427.52103
1053.2656
428.16714
1054.3743
428.33652
1056.0273
428.21283
1057.5856
427.63184
1058.3777
427.923
1059.6306
429.53873
1059.9491
430.80594
1059.9591
432.4719
1059.811
433.6995
1059.6605
435.71664
1059.3574
435.71658
1059.3573
373.12158
1044.5073
374.74158
1044.1191
375.70914
1043.3372
377.05905
1042.4514
378.1391
1041.5317
379.36252
1040.3097
380.5353
1038.9215
380.832
1038.2981
380.25656
1037.2167
378.92783
1037.643
377.4764
1038.543
376.2622
1039.1642
375.23657
1039.0624
376.3412
1037.6178
377.30847
1036.6013
378.72968
1035.1556
380.1509
1033.71
380.86157
1032.9872
381.5366
1032.3235
382.88663
1030.9961
383.56158
1030.3323
382.0991
1029.0049
380.63663
1027.6774
379.88284
1027.0122
379.12912
1026.347
377.62167
1025.0167
376.11423
1023.68646
374.60675
1022.3562
374.23148
1022.0727
373.1061
1021.2226
372.06595
1021.0123
370.6037
1022.35034
369.82535
1023.166
368.54395
1024.7566
368.11673
1025.2867
367.04416
1026.877
366.38565
1027.8503
365.4829
1029.1793
364.77975
1030.0482
363.72083
1031.3701
362.6535
1032.7286
361.99246
1033.668
361.33154
1034.6073
360.38666
1036.0923
360.42035
1037.3185
361.11786
1038.7811
361.46655
1039.5122
362.2063
1040.9579
363.0254
1042.0857
364.2565
1042.9324
365.51657
1043.5454
366.5066
1044.3273
367.89035
1045.025
369.69598
1044.9094
371.40875
1044.7084
373.12158
1044.5074
373.12158
1044.5073
408.98657
1032.1323
411.04532
1031.9017
413.10403
1031.6711
415.16275
1031.4406
415.1628
1031.4404
417.0123
1031.0692
418.86182
1030.6979
419.7866
1030.5123
421.2547
1030.1326
422.72284
1029.7529
424.37653
1029.4325
425.2597
1029.2917
426.60406
1028.8696
427.05402
1027.9023
426.4297
1026.918
425.67596
1025.4329
425.18658
1024.1674
424.6687
1022.8848
423.52158
1022.5473
422.46408
1022.041
422.59912
1020.48846
422.6666
1019.7123
422.8826
1017.6424
423.09863
1015.5725
423.20657
1014.5373
423.31912
1013.5024
422.37857
1012.4043
421.32556
1012.3414
419.21957
1012.2154
418.16656
1012.15234
417.22015
1012.0706
415.3273
1011.90717
414.38092
1011.8253
412.60623
1011.5923
410.83154
1011.35925
409.94424
1011.19836
408.16956
1010.8767
407.28223
1010.71576
405.38937
1010.28656
403.49652
1009.8574
403.07257
1009.7592
401.80066
1009.4649
400.3916
1009.3848
398.61133
1009.64197
397.2064
1009.9522
395.80154
1010.2622
394.0316
1010.65234
392.2616
1011.0424
390.49164
1011.43256
390.06723
1011.2599
388.6395
1009.99585
387.83655
1009.2048
386.58148
1007.71454
386.16312
1007.2177
384.9116
1005.3571
384.4976
1004.497
384.03973
1003.2705
383.9913
1001.8266
384.1016
1000.4072
382.97867
1000.614
382.39157
1001.98224
381.72217
1003.91174
381.13443
1005.12933
380.54663
1006.3471
379.99814
1007.5567
379.44974
1008.76605
379.8139
1009.70087
379.2866
1010.9823
377.88672
1012.1522
376.48688
1013.3221
375.08707
1014.492
374.38718
1015.0773
373.14
1016.20154
372.40543
1016.9292
372.75314
1017.8392
374.24484
1018.79767
375.22357
1019.5078
377.03668
1020.88776
377.69995
1021.426
379.0267
1022.5022
379.69016
1023.0402
381.34494
1024.4929
381.89658
1024.9774
383.34372
1025.9857
384.46863
1026.6494
385.7539
1027.3047
387.2266
1028.0173
388.88666
1028.7872
390.5467
1029.5571
392.20676
1030.327
393.8668
1031.0969
394.47812
1031.3958
395.70123
1031.9926
396.7123
1032.4482
397.91095
1032.9198
399.61423
1033.0485
401.00754
1032.8888
403.53036
1032.5936
404.4397
1032.5166
406.2584
1032.3628
408.0771
1032.209
408.98657
1032.1323
408.98657
1032.1323
451.7366
1021.73724
453.85907
1020.9678
454.56665
1020.71136
456.6924
1019.67926
457.40094
1019.33545
459.08386
1018.331
460.76672
1017.32654
460.76678
1017.32654
462.53665
1016.15686
464.30652
1014.9872
465.19156
1014.4023
466.0387
1013.7846
467.73297
1012.5494
469.42728
1011.3141
469.42722
1011.3142
470.60214
1010.27
471.2019
1009.0051
471.81784
1006.98865
472.14597
1006.07916
472.80222
1004.2605
473.45847
1002.44183
473.7866
1001.5322
474.42355
999.836
475.0605
998.1397
475.69745
996.4435
476.33438
994.74725
476.97134
993.05096
477.60828
991.35474
477.92657
990.50726
478.31357
989.5173
479.08752
987.53735
479.8615
985.5574
480.24277
984.6037
480.624
983.65015
481.38644
981.74304
481.76773
980.78937
482.42685
978.9389
482.75638
978.0136
483.4155
976.16315
484.07462
974.3126
484.3987
973.3194
485.04675
971.33215
485.37076
970.33856
486.0188
968.3514
486.1682
967.8279
486.6163
966.258
486.83658
965.12726
485.62857
964.2821
484.24762
963.33435
483.14517
962.5584
481.70236
961.5608
480.98093
961.0618
479.4082
960.13196
477.83548
959.20215
477.04904
958.7373
475.21808
957.7776
473.38712
956.81793
473.38718
956.8178
472.06885
956.2392
470.33282
956.1385
468.37537
956.341
467.39658
956.44226
467.31116
957.1832
468.74655
957.88214
470.18103
958.5067
471.31155
959.2324
472.91467
960.23645
474.42218
961.0914
475.39532
961.6117
477.34158
962.65234
479.19888
963.6487
481.05618
964.645
481.34033
964.8408
482.37643
965.6149
483.22012
966.7607
483.39252
968.1264
483.15643
969.623
482.74283
971.2783
482.20538
973.2304
481.66797
975.1825
481.6679
975.1827
481.06342
977.1135
480.45895
979.0443
479.8545
980.9751
479.5522
981.9404
479.2608
982.8009
478.67807
984.522
478.0953
986.24304
477.51257
987.96405
477.14917
988.9242
476.78598
989.8846
476.0928
991.3428
475.57675
993.10736
475.05923
994.4237
474.33078
996.10284
473.96658
996.9423
473.13406
998.70856
472.30164
1000.4748
471.8854
1001.3579
471.05298
1003.12415
470.6366
1004.0073
469.7506
1005.61865
469.3045
1006.3561
468.34158
1007.42737
466.36508
1008.4546
464.38864
1009.4819
464.38858
1009.4818
462.7408
1010.2256
461.09305
1010.96936
459.44528
1011.7132
458.62155
1012.0848
456.77798
1012.83997
454.9344
1013.59515
453.0908
1014.35034
453.0908
1014.3503
451.0547
1015.0796
450.14862
1015.3139
448.68988
1015.4633
447.6393
1015.07385
446.87494
1013.692
446.3997
1012.2499
445.94733
1010.457
445.5401
1008.6047
445.13287
1006.75244
445.1328
1006.7523
444.78638
1004.6706
444.4399
1002.5888
444.2666
1001.5477
444.16757
1000.62665
443.96957
998.7845
443.77155
996.9423
443.71756
995.9613
443.60953
993.9994
443.50146
992.0374
443.22034
992.3073
442.3766
993.11725
441.2516
994.24225
441.4701
996.0936
441.68863
997.945
441.90717
999.7964
442.0166
1000.7223
442.2293
1002.5796
442.44205
1004.4369
442.65475
1006.2942
442.86746
1008.1515
443.0802
1010.0088
443.1866
1010.93726
443.35254
1011.91315
443.6844
1013.86505
443.8503
1014.84106
444.35095
1016.8943
444.6013
1017.92096
444.8516
1018.9473
445.45908
1021.08484
445.76285
1022.15356
446.06656
1023.2223
447.46158
1022.95245
449.59906
1022.3448
450.66782
1022.041
451.7366
1021.73724
451.7366
1021.73724
470.77158
1013.3223
472.50403
1012.03986
474.2365
1010.75745
474.53082
1010.18146
475.1193
1009.0298
475.77896
1007.5443
476.5097
1005.72516
477.24045
1003.90607
477.24033
1003.90607
477.88275
1002.1389
478.52518
1000.37177
479.16763
998.6047
479.48895
997.7213
480.09955
995.9178
480.71017
994.11426
481.3208
992.31067
481.9314
990.50714
481.93158
990.50726
482.51355
988.7373
483.09555
986.9673
483.67752
985.1973
484.25952
983.42737
484.8415
981.65735
485.42346
979.8874
486.00546
978.11743
486.29657
977.2323
486.93658
975.4523
487.5766
973.6722
488.2166
971.8921
488.85663
970.11206
489.17664
969.222
489.52917
968.0301
489.88184
966.838
489.9747
965.83276
489.62787
964.11426
488.86816
963.0228
487.73648
962.0222
486.02176
961.02905
484.30695
960.03577
482.59216
959.0425
481.73477
958.5459
480.8827
958.09576
479.17865
957.19507
478.32663
956.7446
476.81155
956.0453
476.0436
955.68994
474.67807
954.9601
473.262
954.1839
472.27768
954.30853
473.38156
955.3595
474.92545
956.1942
476.21317
956.8683
477.66028
957.6824
479.26657
958.63684
480.06973
959.114
480.86792
959.639
482.46436
960.6886
484.0608
961.7383
485.6572
962.78796
487.25363
963.8376
488.05157
964.3623
487.5341
966.40985
487.27536
967.4336
487.01654
968.4573
486.41846
970.4578
486.1194
971.4581
485.52127
973.4587
485.22217
974.4592
484.54572
976.22125
483.8693
977.98334
483.53107
978.8644
482.85464
980.62646
482.51657
981.50726
481.90344
983.2455
481.29028
984.98364
480.67715
986.7218
480.06403
988.45996
479.45087
990.1981
478.83774
991.9363
478.2246
993.67444
477.61145
995.4126
477.3129
996.27
476.71555
997.9856
476.11823
999.7012
475.52087
1001.41675
474.92352
1003.13226
474.6247
1003.9904
474.02988
1005.4852
473.43506
1006.9801
472.89075
1008.13745
472.3465
1009.29486
471.5493
1010.632
471.00504
1011.42664
470.16968
1012.4729
468.92938
1013.62335
467.84723
1014.4099
466.5542
1015.3769
467.01266
1015.4978
468.29095
1014.86914
469.53125
1014.09576
470.77158
1013.3223
470.77158
1013.3223
450.74658
1010.17224
451.32034
1008.2373
451.89407
1006.3023
452.46783
1004.3674
453.0416
1002.4324
453.0416
1002.43225
453.73624
1000.42426
454.4309
998.4162
454.43094
998.4161
455.1763
996.57654
455.92163
994.737
456.22302
994.019
456.82596
992.5825
457.40674
991.106
457.96536
989.5895
458.24472
988.83093
458.86118
986.8724
459.06665
986.21967
459.3866
984.61224
458.43738
983.6504
457.3616
982.99225
455.84274
982.24976
454.68405
982.6548
453.7336
983.7568
452.83975
985.10516
452.1278
986.6053
451.41583
988.10535
451.0494
989.04315
450.31638
990.91864
449.94995
991.8566
449.62033
992.8693
448.96112
994.89465
448.6316
995.9072
448.1911
997.6282
447.75064
999.34924
447.6263
1000.0904
447.37772
1001.57294
447.25348
1002.3141
447.15277
1004.329
447.17102
1005.6524
447.2748
1006.95575
447.42975
1008.15784
447.7393
1009.80945
448.15958
1011.2714
448.60098
1012.4546
449.1864
1013.543
449.92532
1012.6529
450.54126
1010.7924
450.74658
1010.17224
454.2116
1011.8823
455.65158
1010.93726
456.83218
1010.5105
458.08878
1009.8866
458.91968
1008.7941
459.8789
1006.78033
460.19867
1006.1089
460.86383
1004.36835
461.52896
1002.62775
461.86157
1001.75726
462.4916
1000.06165
463.12164
998.3661
463.75168
996.6705
464.0666
995.8229
464.89905
993.7501
465.31525
992.71375
465.73154
991.67737
466.19284
990.5834
466.7497
989.1699
466.93213
988.05664
465.38705
986.88654
464.5053
986.32794
463.04355
985.57227
461.89383
985.1013
460.83008
985.52136
460.17126
987.1604
459.5581
988.88165
459.2516
989.7423
458.5969
991.5827
457.94217
993.4231
457.6148
994.3433
457.2671
995.1962
456.5719
996.90173
455.8767
998.6072
455.55148
999.44543
454.90125
1001.1217
454.25104
1002.79803
453.97305
1003.66974
453.41727
1005.4134
452.8615
1007.15704
452.62158
1008.04224
452.14163
1009.8122
451.66168
1011.5822
451.4216
1012.4673
451.9559
1013.1874
453.2344
1012.55835
454.2116
1011.8823
423.1166
1009.09235
423.52643
1007.5783
422.206
1006.968
420.79065
1006.8592
419.28314
1006.6116
417.80377
1006.27136
416.54233
1006.0646
415.06158
1005.94226
413.5934
1005.7777
412.32782
1005.4951
410.7219
1004.9832
409.3508
1004.58246
407.72662
1004.2323
406.68317
1003.95386
405.47324
1003.58527
404.39166
1002.7154
403.38556
1002.1824
403.03253
1003.7317
402.54456
1005.34326
402.1023
1006.476
402.87012
1007.50116
404.16315
1007.8238
405.87738
1008.0305
407.59164
1008.2372
408.50427
1008.37933
410.32953
1008.6635
411.24222
1008.8055
412.57178
1009.1169
413.94934
1009.69
415.53973
1010.0597
417.6344
1010.21277
418.68173
1010.2892
420.77646
1010.44214
421.241
1010.4475
422.51016
1010.0785
423.1166
1009.09235
467.62158
1004.1422
468.6133
1003.11444
469.1346
1001.099
469.51013
1000.18365
470.26108
998.35266
470.6366
997.4373
471.43536
995.6008
472.2341
993.7644
472.23407
993.76416
472.8866
991.94745
472.34937
991.15625
471.15408
990.07416
469.8238
989.1184
468.88153
988.70734
467.91684
989.9772
467.2166
991.4073
466.5247
993.1926
465.8328
994.97797
465.14087
996.76324
464.44897
998.5486
464.10303
999.4413
463.75723
1000.33417
463.1107
1002.1895
462.46408
1004.0448
462.30228
1004.5977
461.81665
1006.25714
461.5803
1007.506
462.10907
1007.5173
463.93155
1006.3022
464.9722
1005.6441
466.01288
1004.98584
467.21936
1004.3532
467.62158
1004.1422
394.90158
1007.02234
396.15634
1005.9087
397.3675
1004.3497
398.36667
1003.0172
398.80707
1002.30054
399.6881
1000.8669
400.12863
1000.14996
400.73245
998.7939
400.68335
997.34863
399.7512
996.2796
398.4691
995.35645
397.19656
994.6023
395.98148
993.9273
394.2941
994.69226
393.01166
995.68225
392.56317
996.0419
391.21793
997.12067
390.27228
998.1798
389.94257
999.2384
389.99658
1000.6773
390.1765
1002.5673
391.4366
1002.4324
392.6966
1002.2973
394.07986
1002.0923
395.21902
1001.7757
395.51083
1000.33167
394.79184
999.0434
393.85095
998.4378
392.69662
999.50745
391.8882
1000.40765
391.0855
999.53033
391.66458
998.2283
392.91293
997.4563
394.3289
997.3026
395.55725
998.2346
396.13943
999.43274
396.46643
1000.7153
396.29654
1002.0276
394.7666
1002.64325
393.13815
1003.0418
392.09045
1003.2486
390.57593
1003.4701
389.40457
1003.11145
388.97003
1001.36053
388.82657
1000.4072
388.78513
998.6546
389.0766
997.5638
390.08588
996.36365
391.40268
995.4477
392.4857
994.6782
393.09702
993.9557
391.66492
994.2034
390.4223
995.0703
389.22702
996.3893
388.5566
997.2123
387.43497
998.8592
386.9665
999.63293
386.5484
1001.14435
386.83148
1002.40405
387.7139
1003.8727
388.4216
1004.9073
389.48532
1006.21674
390.28348
1006.94354
391.8519
1007.28156
393.2844
1007.2291
394.59503
1007.0687
394.90158
1007.02234
429.5066
1001.26227
430.55142
999.9433
431.84647
998.7874
433.45233
997.4748
434.25522
996.81854
435.86096
995.50604
436.55637
994.9062
437.9471
993.7069
439.33783
992.5076
440.03308
991.90796
441.39398
990.6545
442.75485
989.401
443.4353
988.77423
444.7962
987.52075
446.15707
986.2673
447.51797
985.0138
448.19846
984.38727
449.66544
982.9431
451.13242
981.49896
451.86584
980.7768
452.5005
980.1162
453.76978
978.79517
455.03906
977.4741
455.6682
976.7645
456.9263
975.34515
457.5554
974.6356
458.40353
973.5265
459.2516
972.4173
460.25955
970.9233
461.26755
969.4293
461.77158
968.68225
461.69446
966.65076
461.61734
964.61926
461.57877
963.60345
461.50165
961.57196
461.4498
960.6557
461.34625
958.82275
461.24268
956.9898
461.1908
956.0731
460.9468
954.2073
460.70282
952.34143
460.62192
952.0261
460.18732
950.6337
459.41644
949.58826
458.0872
949.47296
456.93057
950.25977
457.37424
951.1298
455.6246
951.2673
453.5006
951.31226
451.37662
951.35724
451.37656
951.35724
449.46033
951.4022
447.54413
951.4472
445.62793
951.4922
444.64627
951.55975
442.68323
951.6947
441.7017
951.76215
440.86584
951.9332
439.39493
952.35504
438.21814
953.0457
437.85535
954.04565
436.43658
954.7323
435.11942
955.2775
435.54803
956.1224
437.1518
956.4788
439.2691
956.70807
440.32782
956.82275
441.38657
956.93726
442.61142
957.05817
443.83627
957.1792
445.3241
957.4885
446.6565
958.30133
447.50656
959.05225
448.93484
960.5289
449.61356
961.3396
450.88123
963.007
451.47012
963.86383
452.64792
965.5774
452.87885
965.9977
453.5719
967.2586
454.27774
968.83575
454.72815
970.2459
454.88663
971.4272
454.68832
972.63165
453.8438
973.83093
452.68994
974.7662
451.22763
975.5651
449.69165
976.03217
448.72226
976.2175
447.0397
976.45044
444.98923
976.5492
442.93872
976.64795
441.91348
976.69727
439.86298
976.796
438.92435
976.805
437.04718
976.82367
435.17004
976.84235
433.29288
976.86096
432.3543
976.8703
430.47714
976.8889
428.59998
976.9076
427.66156
976.91724
425.86154
976.9278
424.0615
976.9383
422.26147
976.94885
420.46143
976.95935
418.6614
976.9699
416.86136
976.9804
415.0613
976.99097
413.2613
977.0015
412.3616
977.0073
410.61554
976.16125
408.86948
975.31525
407.99655
974.89233
406.3963
974.206
404.79602
973.5197
404.34915
973.39606
403.1858
974.033
402.0692
975.3072
401.08347
976.3647
399.7672
977.7794
399.1091
978.4867
397.87164
979.9135
397.2529
980.6269
396.0154
982.0537
395.39658
982.7673
394.07135
984.2522
392.74612
985.7372
392.08344
986.4798
391.22232
987.3309
390.35657
988.0323
388.98877
988.92255
388.33795
990.17725
388.24158
991.3173
388.5566
992.8696
389.94876
992.44794
391.21863
992.1357
393.01166
991.8573
394.58664
991.72235
396.16165
991.5874
396.9086
992.1362
398.40256
993.2342
399.8965
994.3321
400.39752
994.705
401.90042
995.823
402.72623
996.5611
403.42767
997.52167
403.41644
998.9918
404.62155
999.99945
406.42163
1000.85736
407.29153
1001.2151
409.03146
1001.9308
409.90137
1002.2889
411.6856
1002.8275
413.46985
1003.3662
414.41455
1003.5552
416.30423
1003.9335
417.249
1004.1226
418.27716
1004.24
420.33347
1004.47473
421.3616
1004.5922
423.34155
1004.7362
425.3215
1004.8801
426.3115
1004.9521
427.1666
1004.16486
428.02158
1003.37726
429.1522
1002.1003
429.5066
1001.262
429.5066
1001.26227
447.1916
996.5823
447.79584
994.8722
448.4001
993.1621
449.00436
991.452
449.30658
990.5973
450.12503
988.4498
450.39783
987.73413
450.74658
986.4573
449.51334
987.2969
448.2266
988.3473
447.0566
989.35986
445.8866
990.37244
445.8866
992.19037
445.8866
994.00836
445.8866
994.9173
445.92215
996.27814
445.95758
997.63904
446.18466
998.80414
446.8903
997.5122
447.1916
996.5823
474.73154
987.3122
474.5066
985.726
472.8867
984.88214
471.99228
984.4013
471.09784
983.92035
469.64658
982.99225
468.47885
982.4095
467.12335
982.54376
465.662
982.9204
464.34717
982.8166
462.93033
982.0725
461.77158
981.7773
463.26505
982.88257
464.33658
983.48724
466.13663
984.4386
467.03662
984.9143
468.83667
985.86566
470.6367
986.817
471.17798
987.1097
472.80215
987.9871
473.64178
988.35846
474.51218
987.72284
474.73154
987.3122
476.89157
982.1823
476.91373
980.6702
475.67902
979.827
474.29822
979.2849
473.2689
979.74896
472.62076
981.1458
473.10275
982.3563
474.45032
983.13837
475.50638
983.62085
476.56247
982.9374
476.89157
982.1823
468.88153
978.6723
470.54654
977.81726
472.21152
976.9622
472.1778
976.186
472.07642
973.8571
472.011
973.1387
471.81433
970.983
471.69284
970.49207
471.32846
969.01984
470.56415
967.833
469.46655
967.28723
467.98718
966.7417
466.40656
965.75745
465.5079
965.13727
464.53186
964.9476
463.91428
966.5736
463.43234
968.4207
463.20877
969.45294
462.7616
971.51733
462.67856
971.9585
462.4297
973.28204
461.94733
974.8069
461.2794
975.9309
460.1853
977.3561
460.40186
978.2391
461.8967
978.68085
463.43936
979.07886
464.5475
979.5765
465.46155
980.38226
467.1715
979.5272
468.88147
978.6722
468.88153
978.6723
478.19656
977.18726
477.60175
975.72565
476.22424
974.88434
475.2427
974.83484
475.33646
976.4174
476.05338
977.59216
477.06195
978.33527
478.08408
977.6007
478.1965
977.18726
442.51154
973.63226
444.2891
973.486
446.02713
973.22437
447.20557
973.0712
449.00287
972.8731
449.77063
972.95386
451.30502
973.4951
452.1276
972.7354
451.89435
971.2996
451.25626
969.8356
450.44867
968.5969
449.40268
967.4017
448.60486
966.56586
447.03976
964.94165
446.5264
964.32434
445.4998
963.0897
444.4803
961.7973
443.4677
960.44727
442.96155
959.7723
440.9366
959.32227
439.92413
959.0972
438.91156
958.8724
437.4378
958.60223
435.96408
958.3323
434.5015
958.1972
432.9027
958.3323
431.43707
958.4133
429.57187
958.4853
427.70667
958.55725
426.70868
958.6091
425.7108
958.6608
423.71506
958.7644
422.71716
958.8161
421.14423
959.0254
420.1977
959.33813
418.73325
959.4404
417.31158
959.05225
415.68314
958.6685
414.08847
958.4364
413.03656
958.3323
411.33286
958.1445
410.26038
957.7305
408.97018
956.9512
407.1831
955.6933
406.47275
955.1142
405.0522
953.9557
403.63162
952.79724
402.83807
952.10535
401.2511
950.7213
400.45758
950.0293
399.7802
949.3866
398.42535
948.10175
397.74783
947.4591
396.67142
946.3217
395.59497
945.18427
394.84317
944.24347
394.09152
943.3023
393.27032
942.16034
391.95404
942.36847
390.28906
943.65094
389.45657
944.29224
388.63354
944.99744
387.81055
945.70276
386.7847
946.8011
386.07086
948.1633
385.60904
949.95105
385.2941
951.63855
385.13657
952.4823
385.68524
953.9167
386.5523
955.2343
387.64847
956.6995
388.19656
957.43225
389.64706
958.98193
390.3723
959.7568
391.09763
960.5316
392.24048
961.5674
393.3565
962.4849
394.65125
963.5143
395.77066
964.42834
396.50153
965.066
397.28656
966.07227
398.52982
967.2308
400.45062
968.249
401.4111
968.75806
402.37155
969.26733
404.31946
970.16534
405.29343
970.6144
407.24133
971.51245
407.7456
971.6929
409.2582
972.2346
410.7841
972.6204
411.86157
972.8372
413.56802
973.1015
414.937
973.2189
416.3061
973.33624
418.24496
973.4102
420.18387
973.48413
421.15335
973.5211
423.09225
973.59503
424.06155
973.63226
426.019
973.6748
427.97647
973.7174
429.93393
973.75995
431.8914
973.8025
432.87012
973.8238
433.94354
973.8213
436.09003
973.81665
438.2365
973.8121
438.23657
973.81226
440.37405
973.7223
442.51154
973.6324
442.51154
973.63226
442.51154
973.63226
479.86154
972.4173
480.13718
970.87604
480.3114
968.99744
480.32138
967.85114
479.8686
966.55475
478.72665
965.77563
477.76202
966.31274
476.72845
968.5191
476.443
969.24615
475.8721
970.7002
475.58652
971.4273
476.8965
972.46533
478.09036
973.1514
479.23157
973.63226
479.86154
972.4173
476.66656
964.54236
475.04376
963.51013
473.38156
962.60736
472.7544
962.34015
470.87283
961.5384
470.19217
961.44293
469.37054
962.4888
470.0726
963.9841
471.31143
965.17236
472.38742
966.21027
473.04126
966.9442
473.70776
968.581
474.07907
969.62726
474.65283
969.59357
475.63162
967.6024
476.04218
966.6011
476.45276
965.5998
476.66656
964.54236
366.28156
962.56226
365.53198
961.1483
365.45535
959.77686
366.03055
958.49805
367.23636
957.3617
368.21658
956.8023
369.7838
956.3122
371.16965
956.3916
372.36148
957.03644
373.34653
958.2423
374.17908
959.4911
374.23108
958.17377
373.65103
956.79474
372.70178
955.90045
371.33066
955.17377
369.80505
954.7186
368.46252
954.66296
367.20532
955.08215
365.79303
956.035
364.95822
956.7785
364.27484
957.81525
363.94153
959.1535
364.21158
960.76215
364.87808
961.94934
365.86746
963.0804
366.86694
963.6737
366.28156
962.56226
468.83655
960.7622
467.4823
959.73395
466.01703
958.9796
464.99344
958.56384
464.53763
959.46576
465.07626
960.6005
466.0691
961.9632
467.08154
962.8773
467.959
962.80975
468.54404
961.5272
468.83655
960.7622
372.26654
961.8423
372.90442
960.27997
372.67715
958.861
371.71588
957.83026
370.3639
957.4585
368.9963
957.64355
367.78482
958.4194
367.18436
959.7876
367.4822
961.1046
368.44855
962.1334
369.85056
962.69446
371.2021
962.59735
372.26654
961.8424
372.26654
961.8423
428.83157
956.03723
430.3016
955.3078
431.3844
954.5512
432.38657
953.38226
431.16064
952.85
429.8328
952.4598
427.94418
952.0407
426.80658
951.9424
425.63235
951.4515
424.6213
952.3165
424.06155
953.87726
423.67343
955.28937
423.77518
956.22125
425.33746
956.5014
426.88425
956.41565
428.4459
956.12305
428.83157
956.03723
422.03656
954.95734
422.37265
953.24304
422.75656
952.0323
423.22916
950.43494
422.66782
949.2925
421.54678
948.4596
420.03763
948.4616
418.6615
949.1525
417.34735
950.0677
416.83737
950.78625
416.6936
952.3545
417.17664
954.28253
417.45975
955.04846
418.4902
955.9959
419.8766
956.08234
421.21182
956.01605
422.0365
954.9572
422.03656
954.95734
374.78656
952.7524
373.39163
951.7174
372.16522
951.4359
371.42877
952.5909
371.66293
953.8376
372.86612
954.383
374.30414
953.4736
374.78656
952.7524
413.75656
953.0673
413.81848
951.4811
413.30655
950.09717
412.84534
948.88934
413.7453
947.8922
415.55652
947.2621
416.79407
946.9022
418.0316
946.5423
417.0641
945.4624
416.09656
944.3823
414.71494
942.6854
414.0241
941.837
413.33325
940.9883
412.50223
939.75543
411.7478
938.5137
411.27032
937.68286
410.44598
935.9645
409.90942
934.60333
409.43204
933.1304
408.83502
931.0916
408.53653
930.0722
408.40158
929.4761
407.9966
927.6874
406.91656
928.56464
405.7712
929.4205
404.52347
930.22516
403.13657
930.9499
402.0432
931.3653
400.94983
931.7809
399.01233
932.32196
397.5678
932.6935
395.97028
933.0759
395.17157
933.2673
394.56403
934.88715
394.2266
935.96204
393.8216
937.56616
393.78885
938.50116
394.153
940.00366
395.09982
941.45483
396.25156
942.71735
397.084
943.4259
397.91656
944.1348
399.32422
945.0671
400.5983
945.9869
401.87656
947.0374
402.66403
947.68414
403.67654
948.4688
405.02652
949.293
406.10657
950.27734
407.27985
951.3495
408.64096
952.4236
409.6109
953.1404
410.98364
953.96875
412.0588
954.4662
413.11478
954.54645
413.75656
953.0673
413.75656
953.0673
471.9416
952.1673
473.56018
950.94604
474.4277
950.0578
473.9831
949.3438
472.677
948.909
471.33405
948.00476
470.02905
948.34235
469.2865
949.1073
468.38513
949.96094
466.81827
950.58777
465.43378
950.67126
463.68405
950.70483
462.31155
950.7273
463.27902
951.6273
464.24655
952.5272
465.3469
953.51373
466.544
954.1224
467.84653
954.1023
469.72534
953.43866
470.83347
952.8029
471.9416
952.1673
471.9416
952.1673
376.76657
950.7273
376.69696
949.49347
375.3628
948.7826
374.18362
948.3231
373.08466
948.8712
373.0936
950.2112
374.09845
951.2788
375.60635
951.4369
376.76657
950.7273
376.76657
950.7273
438.05652
949.73724
439.581
948.96094
441.30286
948.9273
442.80725
948.9949
444.3116
949.06244
445.26782
949.1242
447.1803
949.2479
449.09277
949.3717
451.00525
949.4954
451.96155
949.5573
453.56943
949.5869
454.5749
949.5052
455.98343
949.2311
457.34686
948.54486
457.9615
947.45514
457.23138
946.8312
455.8644
947.4444
454.37518
947.75665
452.87616
947.51306
451.06473
947.03015
449.66653
946.63214
448.79242
946.4186
447.04416
945.99115
445.2959
945.5637
444.39737
945.4144
442.6002
945.1163
441.70157
944.9673
439.65976
944.686
439.05746
944.42444
440.39093
943.70734
442.52145
942.9309
443.23157
942.67224
444.86453
942.0399
446.4975
941.4076
447.33624
941.03314
449.0136
940.2847
449.8522
939.91046
451.34814
939.1493
452.8441
938.3882
453.93277
937.71765
455.0216
937.0471
455.77655
936.41394
456.07028
935.03815
455.5222
933.37695
455.0328
932.13666
454.0371
930.2045
453.53928
929.23846
453.04153
928.2723
452.05716
926.4273
451.07278
924.5823
450.35565
923.02985
449.92285
922.0709
448.8249
921.0657
447.0745
920.6894
446.08554
920.5822
444.1813
920.7473
443.11908
920.88104
441.83658
921.11725
442.69156
922.28723
443.8507
924.1573
444.23703
924.78064
445.33923
926.9353
445.70657
927.65356
446.25577
928.96344
446.80484
930.27344
447.12866
931.5737
447.14377
932.8383
446.44205
933.34875
445.7817
931.80536
444.83255
930.34503
444.00778
929.1159
442.98898
927.811
441.97015
926.5059
441.50928
926.0138
440.12665
924.5374
439.59778
924.076
438.01144
922.6924
437.95526
923.581
437.8427
925.35846
437.78656
926.24725
437.60794
928.09863
437.37906
929.23706
436.9347
930.673
436.26044
932.1667
435.71658
933.31226
434.99658
934.84216
434.63654
935.60724
436.46747
935.82666
437.95386
935.90674
439.40097
935.9953
438.7036
936.3651
436.88007
936.62775
435.3059
936.67053
434.2692
936.5682
432.81845
936.35236
431.57654
936.01227
430.06268
935.1715
428.92416
934.2748
427.8743
933.2856
426.95825
932.24567
426.22153
931.19727
425.88754
930.099
427.2397
929.988
427.72647
928.39636
428.1791
926.51733
428.56165
924.94244
428.679
924.33325
427.2747
924.6888
426.04984
925.4329
424.99356
925.9744
425.3757
924.884
426.8065
923.23224
427.86407
922.1073
428.92163
920.9824
428.3028
920.9823
426.4466
920.9823
425.04172
921.0962
424.05606
921.2625
422.85782
921.43933
422.23975
919.8916
422.04776
918.47906
422.48657
917.60736
422.95627
918.8866
423.9997
919.5999
425.94766
919.5884
427.55988
919.5006
428.3661
919.45654
430.1513
919.1957
431.93655
918.93475
432.90512
918.72
434.8423
918.29034
435.81076
918.07556
437.8787
917.4814
438.91266
917.1843
439.94653
916.88727
442.0728
916.27136
443.136
915.96344
444.19907
915.6554
445.44785
915.39386
446.69656
915.1323
447.94586
914.96783
448.97534
913.8186
449.3902
912.3468
449.81284
910.7757
450.1391
909.61414
450.83087
907.9479
451.22324
907.00836
451.7084
905.8566
450.8186
905.61035
448.8926
906.36646
446.96664
907.12256
446.0755
907.4914
444.29346
908.22943
443.40244
908.5985
442.51154
908.96735
440.61154
909.00726
438.71158
909.0472
436.8116
909.08716
434.91162
909.1271
433.96158
909.1473
432.1294
909.1488
430.29724
909.1503
428.46506
909.15186
427.54907
909.15295
425.8278
909.03754
424.10654
908.9221
423.76907
908.8323
423.3753
908.21356
424.61276
907.51605
425.71106
906.8692
427.14963
905.9747
428.00604
905.283
427.7586
904.4251
426.04163
904.33234
424.85434
904.2824
423.6671
904.2325
421.80713
904.0373
420.63678
903.88196
418.98563
903.6108
417.8313
903.3081
416.89395
903.2927
416.65555
904.7336
416.69702
906.74963
416.8179
908.3443
416.87842
909.14166
417.11746
910.787
417.35657
912.43225
417.65298
914.11316
417.9494
915.79407
418.0331
916.51306
418.20074
917.9513
418.2947
919.1723
418.32477
920.67786
417.76993
921.21313
417.43112
919.73773
416.88254
918.5256
416.5915
920.08215
416.4397
921.9218
416.24982
923.0733
415.9656
924.0367
415.73654
921.88245
415.6656
920.7618
415.59454
919.64136
415.34286
917.99536
414.8532
917.19366
414.13904
919.37335
413.93658
920.0373
413.27286
921.72504
412.62314
922.68646
411.63037
923.7836
412.31656
924.49243
412.34186
925.09985
410.96735
925.478
410.5429
926.7725
410.87665
928.4027
411.14673
929.568
411.7046
931.2676
412.12753
932.3846
412.83875
934.0354
413.41586
935.10254
413.9928
936.16986
415.01337
937.72
415.74567
938.7364
416.9221
940.23517
417.36633
940.7175
418.69925
942.1643
419.69293
943.0931
420.68655
944.02203
421.9758
945.08466
423.26505
946.14703
423.80298
946.5075
425.4171
947.5887
426.54813
948.1152
427.6791
948.64185
429.1328
949.12213
430.58658
949.6023
432.0339
949.9736
433.48123
950.3448
434.53424
950.47974
435.78867
950.60425
437.1972
950.3426
438.05652
949.73724
378.70154
948.56726
377.04776
947.7235
376.0128
947.2398
374.56155
946.63226
375.82162
947.7574
376.9915
948.5559
378.02655
948.8823
378.70154
948.56726
465.91156
947.5773
467.22778
946.85236
468.3753
945.92914
469.50592
944.6601
470.45508
943.33795
471.08725
942.4884
472.06
941.4061
473.3028
940.3745
474.32657
939.56726
475.8232
938.46246
476.82724
937.66797
478.3428
936.38904
478.73407
936.0114
479.90796
934.8782
480.46964
933.9263
478.92413
933.6232
477.0885
933.6555
475.5567
933.8498
474.025
934.0442
473.31284
934.20996
471.17657
934.7073
470.49454
934.9069
468.44843
935.5059
467.60748
935.6691
466.37698
935.9016
465.28787
936.5858
464.69647
938.21735
464.76855
939.26605
467.0853
938.521
468.03214
938.17786
469.92587
937.4916
470.8728
937.1485
472.51605
936.67065
473.56018
936.4419
474.03754
937.0086
472.56305
938.0682
471.35446
938.55133
469.99234
939.071
468.81973
939.7021
467.939
940.87506
467.27
942.06616
466.37976
943.2439
465.89478
942.40283
466.14786
941.08606
465.28152
941.2099
463.87808
941.9832
462.5027
942.886
461.6197
943.6566
460.73657
944.4273
459.454
945.77734
459.31906
946.5086
460.48468
947.53986
461.67822
948.1752
463.0437
948.3495
464.61063
948.0588
465.91156
947.5773
465.91156
947.5773
384.23654
947.35223
385.14093
945.84406
386.22992
944.7451
387.31906
944.25024
388.7365
943.48254
389.6256
942.5827
390.1224
941.3244
390.31155
939.9723
390.6744
938.3102
391.13846
936.8841
391.6189
935.7499
392.1609
934.5172
392.16946
933.1839
391.02325
932.20355
389.65292
931.8647
388.1971
931.72986
386.66687
931.655
385.17468
931.3782
384.12567
930.69226
382.72534
929.3328
381.8178
928.45935
380.76025
927.4834
379.88422
926.7912
378.7761
926.7402
378.64532
928.5255
378.62842
929.69824
378.47653
931.1073
378.15594
932.56274
377.26157
933.35736
376.26172
934.3065
375.83282
936.0235
375.4053
937.7559
375.19156
938.62225
374.88525
940.0167
374.86743
941.349
375.25107
942.8785
376.01382
944.22986
376.88318
945.15027
378.27097
946.06354
379.6136
946.5648
380.83344
946.93054
382.10614
947.3639
383.33658
947.9822
384.23654
947.35223
457.85654
943.12225
459.77032
941.74066
460.4082
941.2801
461.7556
939.987
462.5209
939.087
463.46957
937.68005
463.94806
936.5312
464.42654
935.38226
465.04248
933.86365
465.5656
933.0282
467.05765
933.2644
468.54404
932.9635
469.82654
932.5922
469.7865
930.63226
469.74646
928.6723
469.70642
926.7123
469.66635
924.7523
469.64633
923.77234
469.61816
922.79553
469.5613
920.84186
469.5045
918.88824
469.44998
918.10406
469.3409
916.53534
469.2865
915.75104
468.8999
913.50824
468.57574
912.4078
468.25156
911.3073
467.5069
909.2025
467.13455
908.15015
466.76233
907.09766
465.95444
905.0372
465.5505
904.0069
465.1465
902.9767
464.4399
901.36755
463.7333
899.75836
463.51285
899.3832
462.85156
898.2573
462.2947
896.9523
461.9024
895.0624
461.60278
893.5675
461.26535
891.8378
461.09656
890.9729
460.62405
889.1083
460.15155
887.2436
459.8984
886.43353
459.39212
884.81354
459.13904
884.00354
458.481
882.5101
458.03375
881.77045
456.72586
880.62854
455.51373
879.83405
453.75034
878.6992
452.99655
878.0928
451.4891
876.87994
449.98166
875.6672
449.48657
875.31573
448.0016
874.2611
447.4053
873.92633
445.61655
872.9222
444.28903
872.2698
442.9615
871.61725
441.94907
871.7748
439.92413
872.0898
438.91156
872.2473
437.87656
872.36115
435.80655
872.5889
434.77155
872.7029
432.63403
872.8126
431.5653
872.86743
430.49655
872.9223
428.93842
872.9786
427.38028
873.03485
426.41006
873.2204
426.80444
873.77234
428.52222
874.36786
430.07004
874.74506
431.02478
874.9235
432.34158
875.0823
433.96158
875.12726
432.44272
875.9372
431.08997
876.5897
430.2434
876.9723
428.5911
877.44336
427.19467
877.7767
425.53812
878.3195
423.8816
878.8623
422.9148
879.1867
420.98126
879.83563
419.04773
880.4845
418.08093
880.80896
417.114
881.13336
415.26077
881.69055
413.40753
882.24774
411.5543
882.80493
409.70105
883.3621
409.70093
883.36224
407.80228
883.8737
405.9036
884.38513
404.00494
884.8966
403.05566
885.15247
401.27002
885.53436
399.48434
885.9162
398.59155
886.1073
397.53403
886.2422
397.20944
887.0908
397.94232
887.8044
399.4081
889.23157
400.87387
890.6587
401.6066
891.37225
402.28088
892.01404
403.6295
893.2976
404.30374
893.93945
405.83307
895.2414
406.7724
895.9681
408.06122
896.8462
409.3627
897.49945
410.4308
897.96484
412.3334
898.70734
413.24753
898.9323
414.46957
899.1995
415.92496
899.51166
417.45224
900.0573
418.44778
900.4173
420.21964
900.9123
421.9915
901.4072
423.25577
901.7019
424.52002
901.9966
425.99872
902.2295
426.9676
902.3259
428.3956
902.3819
430.14008
902.29236
431.27228
902.21686
432.92444
902.0808
434.40588
901.82367
435.47397
901.41425
436.9766
900.3892
438.05652
899.6129
439.0185
899.0813
438.37106
900.2143
437.08203
901.3298
435.96408
902.2735
434.6267
903.2762
433.28943
904.2789
432.7262
904.641
431.03653
905.7274
430.02405
906.2673
429.01154
906.80725
430.69907
906.9086
432.29507
906.9528
433.32864
906.96326
435.17596
906.84534
436.71768
906.68054
438.56952
906.42975
440.42133
906.17896
441.34717
906.0536
443.16806
905.6622
444.0785
905.46643
445.89938
905.075
446.80975
904.8793
448.5702
904.3659
449.63306
904.01526
451.06152
903.4773
452.45798
902.97955
453.90497
902.58295
455.3928
902.2735
456.9115
902.0372
455.98904
902.82477
455.0666
903.6123
453.6071
905.1262
453.02542
906.00446
452.44388
906.8825
451.59082
908.802
451.3262
909.8044
451.0136
911.30945
450.86978
912.81744
450.9894
914.27155
451.2914
915.65
451.77927
916.93353
452.45654
918.10236
453.5186
919.5963
454.58066
921.0903
455.11157
921.83734
456.0229
923.3223
456.04532
923.7385
454.30154
923.23224
453.40155
922.9623
453.16528
924.2448
453.6093
925.98157
454.02487
927.34015
454.4383
928.45374
455.05524
929.7574
455.87204
930.3885
456.5572
930.4548
456.6415
932.63745
456.6634
933.5848
456.75342
935.005
457.48602
935.7046
458.83768
935.6328
458.01413
937.00775
456.84335
937.909
455.67264
938.81
454.0421
939.7513
452.41156
940.6925
451.6522
941.0481
450.13342
941.75964
449.37405
942.1154
447.70346
942.8032
446.8442
943.14905
445.56165
943.82404
446.79764
944.34174
448.356
944.6353
450.42816
944.8761
451.46426
944.99646
453.53647
945.2371
453.8835
945.16376
455.2409
944.6692
457.20258
943.5091
457.85654
943.12225
457.85654
943.12225
482.56155
935.51733
483.9524
934.2643
485.34323
933.0112
486.2192
931.98627
487.09534
930.9612
487.6908
929.94867
488.1556
928.8601
488.68515
926.86664
488.86157
926.2023
489.21472
923.7461
489.33243
922.92737
489.4531
921.0124
489.57376
919.09735
489.57382
919.0972
489.5875
917.0213
489.60107
914.94525
489.5583
913.8854
489.5154
912.82544
489.42963
910.7055
489.3409
909.6818
489.16342
907.63477
489.07468
906.6112
488.94385
905.68225
488.6823
903.8247
488.55148
902.8958
488.21338
901.3446
487.87527
899.7934
487.4684
898.6654
487.06152
897.5373
486.09384
895.8147
485.12613
894.09216
484.15842
892.36945
484.15836
892.3693
483.17343
890.82764
482.1885
889.28595
481.20358
887.74426
480.71094
886.9735
479.64902
885.49554
478.58707
884.01764
477.52512
882.5397
476.9036
881.79736
476.0632
880.8557
474.55157
879.7398
472.8416
878.70483
471.98663
878.1874
471.0781
877.5517
470.16968
876.9161
468.65665
875.5772
468.02798
874.9867
466.66528
874.33276
465.19437
874.20337
463.61658
874.1823
461.74057
874.08105
459.86462
873.9798
458.90143
873.8617
457.93817
873.7435
456.01163
873.50726
455.2986
873.39905
453.1597
873.0742
452.49313
873.0432
452.4917
873.57056
453.79333
874.3148
455.10388
875.1174
456.19052
875.9605
457.2772
876.8035
458.81235
878.18207
459.324
878.6415
460.6916
880.16724
461.0163
880.8125
461.48907
882.51556
461.9347
884.6054
462.04315
885.4307
462.26004
887.08136
462.36853
887.9066
462.49457
890.3034
462.53653
891.1023
462.56287
892.40594
462.71652
893.9037
463.43628
894.89923
464.3478
895.87054
465.15784
897.30383
465.68655
898.3472
466.33536
900.06104
466.98413
901.77484
467.63293
903.4887
468.28174
905.2025
468.9305
906.9163
469.5793
908.6301
469.84305
909.4416
470.37106
911.06525
470.6351
911.87683
471.14246
913.812
471.49576
915.12384
471.86414
916.457
472.24
917.58124
472.91434
918.73224
473.035
920.8293
472.90787
921.77875
472.65356
923.67773
472.52652
924.62726
472.1666
926.58154
471.80664
928.5358
471.44672
930.4901
471.26672
931.4672
471.064
932.37854
472.30157
932.6823
473.60657
932.6823
475.0212
932.59235
476.4359
932.5023
477.96872
932.2773
479.50156
932.0523
480.81363
931.85645
482.12558
931.66064
483.17294
932.03516
482.3218
933.63763
481.43164
934.7706
480.61105
935.82385
479.48468
937.28345
479.11972
937.8685
480.28903
937.32294
481.9935
935.9686
482.56155
935.51733
482.56155
935.51733
401.11154
929.75726
402.8181
929.17365
404.1659
928.4971
405.16782
927.7197
405.877
926.7103
405.5454
925.1996
404.48654
923.94104
403.40656
922.6924
402.90033
923.8399
402.3184
924.888
401.3377
925.7404
399.92673
926.2288
398.51614
926.18317
397.24155
925.79724
395.52026
925.0883
394.5352
924.6188
394.21252
922.878
394.13657
921.65735
394.04376
920.0795
393.87064
918.9488
392.5672
919.1204
391.04422
919.8418
389.87277
920.41974
387.88147
921.43207
387.28528
920.8023
386.0928
919.54224
385.49655
918.9123
384.13812
917.3149
383.68533
916.7825
382.7459
915.50464
381.80652
914.2267
381.06964
913.0796
380.3328
911.9323
379.7365
910.58734
380.47766
909.54517
381.0472
908.5904
379.1785
908.0649
377.80432
907.8
376.81714
907.6229
376.00156
908.5623
376.09152
910.54224
376.18146
912.5222
376.28842
913.5278
376.3953
914.5332
376.60898
916.54407
376.7623
917.1625
377.20886
918.42694
378.17847
919.8879
379.0503
921.1335
380.04028
922.42755
381.03024
923.7216
381.47888
924.2569
382.82465
925.8626
383.41818
926.4375
384.47662
927.30457
384.8912
926.511
384.4503
924.8536
383.94412
923.73566
383.30548
922.6222
382.5371
921.46674
381.57587
919.72815
381.07648
918.6326
380.77158
917.56226
381.89658
918.8222
382.72342
919.93604
383.68527
921.0498
384.5837
921.98456
385.67636
922.85376
387.12222
922.7401
388.6353
922.4055
389.88898
922.2922
391.1695
921.8006
392.14026
920.6638
392.46976
921.57886
392.14548
922.87616
392.67563
924.2908
393.42218
925.4485
393.96185
926.7699
395.3408
927.39685
396.90985
927.67395
398.32153
927.7773
400.0597
927.86725
399.12314
928.3005
397.8828
928.5198
396.08557
928.53656
394.7159
928.5164
393.4953
928.5276
392.4701
929.14874
392.8765
930.4775
394.57462
930.66736
396.15042
930.6068
397.41168
930.4439
398.67313
930.2811
400.50195
929.8881
401.11154
929.75726
391.03152
928.63226
391.79617
927.25696
391.72897
925.71014
391.18594
924.5914
390.0302
923.8454
388.5888
924.0097
387.31244
924.60913
386.31342
925.59924
386.0634
927.1071
386.90073
928.22894
388.06155
928.7673
389.78284
929.0035
391.0316
928.6323
391.03152
928.63226
401.3816
921.61224
401.87656
920.21735
403.16043
920.14276
404.33752
921.1427
405.2516
921.9723
406.44406
923.14215
407.63657
924.3121
407.63657
923.165
407.70407
921.8035
407.83902
919.846
407.90656
918.8673
408.04498
917.288
407.58167
916.57043
405.9318
917.0525
404.51117
917.6997
402.965
918.5172
402.1283
919.10846
400.966
920.02075
399.98938
920.9837
399.04153
922.37744
398.5943
923.4785
398.99655
924.26733
400.42532
923.83417
401.0546
922.6306
401.3816
921.61224
411.41653
914.7273
411.9228
912.8879
411.93024
912.00024
410.9017
913.4207
410.3422
915.02545
410.02408
916.2851
409.70587
917.54474
409.50378
919.0767
409.4815
920.3241
409.63907
921.6967
409.97003
922.6587
410.30704
920.85986
410.4898
919.576
410.81464
917.38214
410.96518
916.7185
411.41653
914.72736
411.41653
914.7273
399.44656
918.9123
400.6215
917.5785
401.6909
916.578
402.71823
915.85583
404.0504
915.2131
405.29013
914.4306
406.0992
913.29034
406.029
911.99585
405.26645
910.66833
404.3024
909.811
403.0016
909.0123
401.8288
908.66534
401.24356
910.2525
400.88647
911.8474
400.44217
913.1017
399.9978
914.356
399.3172
915.7117
398.63654
917.06726
397.96713
918.2738
397.29782
919.48047
396.74936
920.8094
396.42798
922.06366
398.07684
920.4929
398.76166
919.7026
399.44656
918.9123
399.44656
918.9123
397.91656
916.12225
398.90802
913.95746
399.23843
913.23596
399.9008
911.39716
400.12155
910.7842
400.4985
908.9653
400.3016
907.97723
398.91217
907.6736
397.5465
908.71027
396.47656
909.7322
395.4743
910.8614
394.47192
911.99066
393.4971
913.2466
392.52225
914.5025
391.8384
915.52185
391.15463
916.5413
391.48154
917.2135
393.23654
916.70734
394.356
916.38965
395.47528
916.0717
395.89157
917.03076
395.92004
918.4334
396.61722
918.5158
397.3428
917.2079
397.91656
916.12225
397.91656
916.12225
408.40158
915.2672
408.50278
915.58234
408.40158
915.2672
411.73157
906.80725
412.45084
905.0603
412.84113
903.76654
412.88998
902.6039
411.5516
901.9022
410.33206
901.36017
408.60486
900.1727
407.5687
899.3321
406.53265
898.4915
405.40543
897.4799
404.27832
896.46844
403.54474
895.7247
402.07733
894.2368
400.60992
892.749
399.87622
892.0051
398.96506
890.9367
398.05396
889.8683
397.3777
888.93274
396.70157
887.99725
395.80154
886.9679
394.58197
886.1331
393.79413
885.2751
395.4273
884.935
396.93207
884.6504
397.92023
884.2625
399.26657
883.9023
400.94
883.6725
402.1803
883.2849
404.0478
882.6464
404.98154
882.3273
406.7161
881.6809
408.45062
881.03455
410.18515
880.3881
411.9197
879.74176
413.65424
879.0954
414.52158
878.77234
416.18097
878.1226
417.84036
877.47296
418.07687
877.3563
418.88617
876.68317
417.2441
876.4492
415.96262
876.68317
414.6738
877.1741
412.95786
877.15515
411.00027
877.0033
410.02155
876.9273
407.9241
876.80145
406.87537
876.7385
405.8267
876.6756
403.76065
876.6997
401.69458
876.7239
400.66153
876.7359
399.6376
876.79956
397.58963
876.9266
395.54166
877.05365
394.51767
877.1171
393.4989
877.21857
391.4615
877.4214
389.42404
877.62427
388.4053
877.72565
387.38654
877.8273
385.5084
878.1539
383.63025
878.48047
382.69107
878.6436
380.70828
879.1744
379.71686
879.43976
377.73407
879.9705
376.79663
880.30493
374.92178
880.974
373.98434
881.3086
373.04703
881.6432
371.49
882.3292
370.51855
882.7927
369.16156
883.4973
367.40656
884.5023
365.65152
885.5073
363.89645
886.5123
363.89658
886.51227
362.68716
887.2716
363.15414
888.00287
364.89212
888.2349
365.94724
888.3729
367.3742
888.5549
368.78217
888.9425
370.44336
889.5621
371.6352
890.0524
373.3459
890.8699
375.0566
891.6873
375.05655
891.6873
376.85095
892.6042
378.64526
893.5211
380.4396
894.43805
381.25305
894.88684
382.87976
895.78467
383.6931
896.2336
384.50656
896.68225
386.13965
897.53906
387.7727
898.3959
389.40576
899.2526
390.23157
899.6473
391.88284
900.43604
393.53412
901.2248
395.1854
902.0136
396.83667
902.80237
397.69577
903.20935
399.41418
904.0236
401.1326
904.8378
402.851
905.65204
403.71027
906.05914
404.60184
906.5274
406.38498
907.4638
407.27655
907.93225
408.3453
908.5679
409.68414
908.9727
410.6853
908.8111
411.3828
907.47516
411.73157
906.80725
411.73157
906.80725
396.61157
907.30225
396.49924
906.2113
395.1234
905.5707
393.95016
905.35223
392.6122
905.9747
391.96127
907.03644
393.4301
907.7553
394.93198
907.79614
396.03384
907.5986
396.61157
907.30225
413.93658
906.98724
413.14203
906.8846
413.5681
907.8648
413.93658
906.98724
421.99155
873.5523
421.5778
872.38367
420.47586
871.583
422.08148
871.48224
423.23618
871.0595
424.12558
869.96985
425.14142
868.28723
425.69562
867.39856
426.80374
865.6211
427.3578
864.7323
428.43335
863.14825
429.50888
861.5643
430.04666
860.7722
430.56403
860.0298
431.59897
858.54486
432.63394
857.0599
433.66888
855.5749
434.18658
854.8323
435.46454
853.1943
436.7425
851.5563
437.38156
850.73724
437.93
850.02716
439.02682
848.60693
439.5753
847.89667
440.77347
846.18945
441.97168
844.48224
442.59256
843.6116
443.21353
842.74084
444.4555
840.9994
445.07654
840.12854
445.6358
839.4005
446.75436
837.9444
447.87292
836.4883
448.99146
835.03217
449.62045
834.2335
450.87823
832.636
452.136
831.03845
452.13593
831.0385
453.3565
829.2723
452.4648
829.56647
450.89175
830.2953
449.61597
830.926
448.11652
831.7508
446.61707
832.57556
445.98447
832.9648
444.08646
834.1323
443.3908
834.668
441.99933
835.7396
441.3036
836.2754
439.95004
837.5832
438.5965
838.8909
437.92822
839.6757
437.25992
840.46045
435.92328
842.0299
435.38693
842.7723
434.31424
844.2572
433.24155
845.7422
432.7176
846.47833
431.66968
847.9505
430.6218
849.4226
429.57388
850.8947
428.526
852.3669
427.4781
853.839
426.43018
855.31116
425.90656
856.0473
424.6883
857.75165
424.07916
858.6039
422.8609
860.3082
422.2517
861.1604
421.13272
862.7949
420.5732
863.6122
419.45422
865.24664
418.33524
866.88116
417.81476
867.67413
416.77365
869.2604
415.73254
870.84656
415.21207
871.6398
414.57434
872.75354
413.93658
873.8673
415.0503
874.0923
417.05
874.1598
418.47028
874.14575
419.97784
874.0727
420.73157
874.036
421.99155
873.5523
431.48654
870.67224
432.2797
869.3954
433.70987
867.4505
434.18658
866.80225
435.38358
865.1148
435.9821
864.27106
437.17905
862.58356
437.7453
861.73413
438.87778
860.03534
439.44403
859.186
440.5765
857.4872
441.11542
856.6671
442.19318
855.02686
443.2709
853.38654
443.5986
852.9605
444.58167
851.68225
445.34094
850.743
445.9737
849.6151
446.60654
848.48724
447.6317
846.74915
448.11108
845.9802
448.90155
845.06726
449.9816
843.88605
450.7144
842.5538
451.69778
840.27826
452.0555
839.29095
452.41315
838.3036
453.12842
836.3289
453.48596
835.3417
454.07626
833.52563
454.37143
832.6176
454.96176
830.8016
455.14896
830.10016
454.9808
829.37213
453.91348
830.6167
452.7907
832.0769
451.668
833.53723
451.10657
834.2673
450.5493
835.00116
449.43466
836.4689
448.32007
837.93665
447.20547
839.40436
446.09088
840.87213
444.97626
842.33984
443.86166
843.8076
443.27283
844.61163
442.09537
846.22034
440.9179
847.82904
440.32916
848.6334
439.8051
849.39044
438.75723
850.9044
437.70932
852.41833
436.6614
853.93225
436.15457
854.67633
435.1406
856.16437
434.1266
857.6524
433.11258
859.14044
432.09857
860.6285
431.08456
862.1165
430.0706
863.60455
429.05658
865.0926
428.50372
865.9087
427.398
867.54156
426.2923
869.1744
425.18658
870.80725
425.18658
870.8073
426.67438
870.9859
428.33658
871.0322
430.01144
870.9478
431.02814
870.796
431.4866
870.67224
