1842.2946
601.14624
1840.3784
603.9065
1839.4633
606.5326
1839.4788
609.3664
1840.6204
612.3365
1842.4225
614.7787
1844.4502
616.75964
1846.7643
618.5924
1849.2362
620.27454
1852.0902
622.00916
1854.543
623.47736
1856.9429
625.2944
1859.3258
627.13257
1861.6921
628.99146
1864.0421
630.87036
1866.3762
632.7688
1868.6947
634.68616
1870.9978
636.6221
1873.2856
638.5758
1875.5588
640.5469
1877.8176
642.5348
1880.0623
644.53894
1882.2928
646.55884
1884.5103
648.59375
1886.7145
650.6434
1888.9055
652.707
1891.084
654.7841
1893.2501
656.87415
1895.4042
658.9767
1897.5466
661.09094
1899.6776
663.21655
1901.7976
665.3528
1903.9069
667.49927
1906.0056
669.6554
1908.0942
671.8207
1910.1731
673.9944
1909.6138
673.1559
1907.7283
670.8167
1905.8303
668.4878
1903.92
666.169
1901.9976
663.8602
1900.0632
661.56146
1898.1172
659.27246
1896.1597
656.99316
1894.1909
654.7235
1892.5416
652.83936
1890.5527
650.58704
1888.5531
648.34406
1886.543
646.1102
1884.5226
643.8856
1882.4922
641.6699
1880.452
639.46313
1878.4022
637.26514
1876.343
635.0759
1874.2747
632.89526
1872.1975
630.7231
1870.1116
628.5593
1868.0168
626.4038
1865.9141
624.2565
1863.8031
622.1173
1861.6842
619.98596
1859.5576
617.8626
1857.4237
615.74695
1855.2825
613.6389
1853.1343
611.5385
1850.9791
609.44556
1848.8174
607.36
1846.6493
605.2816
1844.4751
603.21045
1842.2946
601.14624
1842.2946
601.14624
1809.3969
592.5971
1806.9122
594.6205
1804.2974
596.05176
1801.5322
595.8822
1800.4486
593.26575
1800.8385
590.1561
1802.0721
587.47485
1804.3666
585.8572
1806.9865
587.4053
1808.3967
589.9012
1809.3969
592.5971
1741.7748
713.755
1744.0574
711.80615
1746.3145
709.83044
1748.9158
707.4922
1751.1179
705.45984
1753.2944
703.40186
1755.4453
701.31854
1757.5706
699.2103
1759.6702
697.0775
1761.7437
694.9204
1763.7914
692.7395
1765.813
690.53503
1767.8086
688.3075
1769.7781
686.057
1771.7212
683.78406
1773.6382
681.489
1775.5286
679.17224
1777.3926
676.834
1779.2302
674.4748
1781.0411
672.0948
1782.8254
669.69446
1784.583
667.2742
1786.3137
664.8341
1788.0175
662.3748
1789.6942
659.8966
1791.344
657.3997
1792.9666
654.8846
1794.562
652.35156
1796.1301
649.801
1797.6709
647.2333
1799.1843
644.6487
1800.67
642.0476
1802.1283
639.4304
1803.5588
636.79736
1804.9617
634.1489
1806.3369
631.4856
1804.6027
629.2046
1801.9564
628.3276
1798.8573
628.25806
1795.6815
628.71606
1792.6805
629.4819
1790.0099
630.386
1787.3041
631.49927
1784.6166
632.803
1781.9995
634.27856
1779.5059
635.90735
1777.1887
637.6709
1774.7786
639.8739
1772.7642
642.2053
1771.2295
644.63574
1770.1221
647.20807
1768.7437
649.8265
1767.4441
652.48
1766.0166
655.6154
1764.8604
658.3328
1763.7573
661.07404
1762.6998
663.83545
1761.6798
666.6135
1760.6892
669.4047
1759.7202
672.20544
1758.7646
675.0121
1757.8146
677.8211
1756.862
680.6289
1755.8992
683.4319
1754.9178
686.22656
1753.739
689.4717
1752.6902
692.23596
1751.5978
694.9806
1750.4536
697.7019
1749.2498
700.3964
1747.978
703.06055
1746.6309
705.6908
1745.2001
708.28345
1743.6775
710.8349
1742.0554
713.3417
1741.7748
713.755
1792.9373
567.2883
1789.5013
567.5391
1786.6372
567.96313
1783.8466
568.5704
1781.1283
569.3517
1778.0469
570.47107
1775.4814
571.5981
1772.5748
573.0957
1770.1565
574.5254
1767.8043
576.0803
1765.1422
578.0404
1762.9294
579.8351
1760.7789
581.7259
1758.3475
584.041
1756.3284
586.1085
1754.3682
588.24316
1752.4655
590.4358
1750.3169
593.0547
1748.535
595.34125
1746.8071
597.6566
1745.132
599.99176
1743.2429
602.72864
1741.6781
605.07495
1740.1624
607.4118
1740.4863
607.1221
1742.4186
604.5889
1744.1453
602.4318
1746.24
599.9408
1748.102
597.835
1750.0239
595.76324
1752.3394
593.39795
1754.3848
591.42224
1756.4847
589.5012
1759.0012
587.3377
1761.2131
585.5574
1763.4741
583.85223
1766.1718
581.9668
1768.5333
580.44714
1771.3436
578.7958
1773.7979
577.492
1776.7114
576.1105
1779.2502
575.05334
1782.258
573.97723
1784.8733
573.19714
1787.9658
572.46216
1790.65
571.9897
1793.8181
571.6315
1797.0232
571.49084
1799.7976
571.5514
1803.064
571.8425
1805.8868
572.2883
1808.7295
572.92224
1811.6226
573.93567
1814.4257
575.0676
1817.0509
575.9738
1817.2429
575.02045
1814.4637
573.35834
1811.7631
571.9728
1809.0135
570.70917
1806.4398
569.6537
1803.5331
568.6304
1800.7565
567.8739
1797.7549
567.4523
1794.6006
567.36523
1792.9373
567.2883
1517.9038
520.9149
1519.2812
524.0305
1520.6438
526.55273
1522.1633
528.9456
1524.12
531.58325
1525.9429
533.7201
1527.8889
535.7501
1530.3008
537.9929
1532.4775
539.8158
1534.7438
541.5543
1537.4869
543.4855
1539.9111
545.0656
1542.3914
546.58386
1544.9172
548.0474
1547.4778
549.4633
1550.4951
551.0645
1553.095
552.4016
1555.696
553.7136
1558.2877
555.00757
1560.8595
556.29065
1563.8206
557.7833
1566.3127
559.06714
1569.2593
560.56287
1571.9946
561.80237
1574.7373
563.02454
1577.4872
564.2297
1580.2439
565.41815
1583.0071
566.59045
1585.7769
567.7468
1588.5531
568.88776
1591.3354
570.01355
1594.1235
571.12463
1596.9175
572.22144
1599.7169
573.3042
1602.5217
574.3734
1605.3315
575.4293
1608.1462
576.47253
1610.9657
577.5032
1613.7896
578.5218
1616.6178
579.5287
1619.4502
580.5243
1622.2866
581.509
1625.1268
582.48315
1627.9705
583.4471
1630.3427
584.2429
1633.1923
585.1892
1636.0449
586.12634
1638.9001
587.0549
1641.7582
587.975
1644.6184
588.8872
1647.481
589.79175
1650.3455
590.6892
1653.2118
591.57983
1656.0797
592.464
1658.949
593.3421
1658.9395
593.4459
1655.5647
592.66736
1652.6694
591.9977
1649.772
591.3252
1646.873
590.64886
1643.9729
589.968
1641.072
589.28174
1638.1709
588.58923
1635.27
587.8898
1632.3699
587.18256
1629.4708
586.4667
1626.5732
585.74133
1623.6779
585.00574
1620.7848
584.2591
1617.8948
583.50055
1615.008
582.7293
1612.1252
581.9446
1609.2466
581.14557
1606.3728
580.3314
1603.5042
579.50134
1600.6412
578.6545
1597.7844
577.79004
1594.9341
576.9072
1592.0908
576.00525
1589.2551
575.08325
1586.4272
574.1404
1583.6078
573.17596
1580.7971
572.1891
1577.9958
571.17896
1574.74
569.9699
1571.9604
568.9066
1569.1917
567.81744
1566.4341
566.70166
1563.688
565.5584
1560.9541
564.38684
1558.2329
563.1863
1555.5244
561.9558
1552.8296
560.69464
1550.1487
559.402
1547.482
558.0769
1544.8303
556.71875
1542.1938
555.32666
1539.5731
553.89966
1536.9686
552.43726
1534.3809
550.93835
1531.81
549.4022
1529.2568
547.8281
1529.4912
548.93317
1531.2363
551.25226
1533.4473
553.7593
1535.481
555.74896
1537.6315
557.6021
1540.2748
559.6044
1542.6439
561.1947
1545.0979
562.6791
1548.0542
564.28986
1550.6565
565.57794
1553.3113
566.7908
1556.0083
567.938
1558.7373
569.0295
1561.488
570.0747
1564.2504
571.08356
1567.4741
572.22736
1570.2267
573.1904
1572.9585
574.1477
1575.6593
575.1089
1578.7574
576.24817
1581.5476
577.1836
1584.4285
578.0753
1587.3143
578.9497
1590.2053
579.8069
1593.1011
580.6473
1596.0015
581.4712
1598.9062
582.27893
1601.8154
583.0709
1604.729
583.8474
1607.1599
584.4829
1610.0808
585.2318
1613.0054
585.9662
1615.9336
586.6864
1618.8652
587.3927
1621.8003
588.08545
1624.7385
588.765
1627.6797
589.43164
1630.6238
590.0857
1633.5706
590.72754
1636.5198
591.3574
1639.4717
591.9758
1642.4257
592.5829
1645.3818
593.1791
1648.3398
593.7647
1651.2996
594.3401
1654.2611
594.90546
1657.2241
595.4613
1656.2307
595.34705
1653.2603
594.88904
1650.2919
594.4167
1647.3257
593.9303
1644.3619
593.4296
1641.4006
592.9149
1638.4417
592.3861
1635.4852
591.84326
1632.5314
591.2864
1629.5801
590.7157
1626.6316
590.1311
1623.6858
589.5326
1620.7428
588.9204
1617.8026
588.29443
1614.8654
587.6548
1611.9312
587.0015
1608.9998
586.3346
1606.0717
585.6542
1603.1466
584.96027
1600.2249
584.25287
1597.3063
583.5321
1594.3911
582.798
1591.4791
582.05054
1588.5707
581.2898
1585.6656
580.5158
1582.7642
579.7287
1579.8663
578.9285
1576.9722
578.11523
1574.0815
577.28894
1571.1948
576.4497
1568.312
575.5974
1565.4329
574.73236
1562.5579
573.8545
1559.6868
572.96375
1556.8197
572.0603
1553.9568
571.14417
1551.098
570.2154
1548.7189
569.4318
1545.8679
568.48
1543.0214
567.5156
1540.1792
566.5388
1539.0034
566.5571
1541.6018
568.7731
1543.9355
570.4964
1546.3593
572.06934
1548.8652
573.5034
1551.8821
575.01636
1554.5391
576.1892
1557.2535
577.25964
1560.0173
578.23926
1562.8228
579.1396
1565.6621
579.97217
1568.5273
580.7484
1571.4105
581.4799
1574.304
582.1782
1577.1998
582.85486
1580.0901
583.5213
1583.4448
584.3014
1586.2966
584.98535
1589.1179
585.6957
1591.9011
586.44385
1594.8026
587.10535
1597.7356
587.73285
1600.6711
588.3485
1603.6091
588.9525
1606.5492
589.5449
1609.492
590.126
1612.4368
590.6958
1615.3835
591.25464
1618.3325
591.8026
1621.2834
592.3398
1624.2363
592.86646
1627.1909
593.3827
1630.1475
593.88873
1633.1057
594.38464
1636.0656
594.8707
1639.027
595.34705
1641.9899
595.8137
1644.9542
596.27106
1647.9199
596.7191
1650.887
597.1581
1653.8553
597.588
1655.8328
597.87
1652.8518
597.4509
1649.8708
597.03064
1646.8899
596.6088
1643.9092
596.1854
1640.9287
595.76025
1637.9485
595.33325
1634.9685
594.9042
1631.9888
594.473
1629.0093
594.0394
1626.0303
593.60345
1623.0515
593.16486
1620.0732
592.7235
1617.0953
592.2793
1614.1179
591.83203
1611.141
591.38165
1608.1646
590.928
1605.1886
590.47076
1602.2134
590.01
1599.2385
589.5455
1596.2644
589.0771
1593.291
588.6047
1590.3184
588.12805
1587.3463
587.6472
1584.375
587.1619
1581.4045
586.672
1578.4348
586.17737
1575.4661
585.67786
1572.498
585.17334
1569.5309
584.6636
1566.5647
584.14856
1563.5994
583.6281
1560.6351
583.10205
1557.6719
582.5703
1554.7096
582.0327
1552.242
581.5801
1549.2816
581.0314
1547.2112
580.86633
1550.0364
582.83093
1552.5308
584.35986
1555.0874
585.75476
1557.7019
587.0239
1560.3694
588.176
1563.0854
589.21954
1566.3092
590.31104
1569.1144
591.1483
1571.9534
591.90393
1574.8218
592.5863
1577.7146
593.20404
1580.6272
593.76556
1583.5554
594.27936
1586.4941
594.75397
1589.439
595.1979
1592.3854
595.6196
1595.3286
596.02765
1598.2639
596.4305
1601.6725
596.9053
1604.5751
597.32605
1607.4553
597.76855
1610.3083
598.2413
1613.1984
598.6881
1616.4799
599.08
1619.3535
599.3815
1622.4924
599.685
1625.2538
599.9365
1628.0984
600.1842
1631.5575
600.4731
1634.4241
600.70404
1637.2272
600.9236
1640.4425
601.16876
1643.4211
601.39
1646.0835
601.58325
1649.0049
601.7904
1651.9874
601.99493
1648.866
601.8961
1645.8566
601.8169
1642.8474
601.72656
1639.8385
601.62646
1636.8297
601.5177
1633.8212
601.4015
1630.8127
601.27893
1627.8043
601.1513
1624.7961
601.0197
1621.7881
600.8853
1618.78
600.7494
1615.772
600.613
1612.7639
600.4773
1609.7559
600.3435
1606.7478
600.2128
1603.7397
600.0864
1600.7313
599.96545
1597.7229
599.85114
1594.7144
599.7446
1591.7056
599.6471
1588.6968
599.5596
1585.6876
599.4835
1582.6782
599.41986
1580.1704
599.3772
1577.1604
599.33954
1574.1504
599.3177
1571.1399
599.3128
1569.0847
599.52466
1571.825
600.6708
1575.0554
601.8673
1577.8511
602.7779
1580.6697
603.58734
1583.5098
604.30054
1586.3699
604.9223
1589.2483
605.4574
1592.1436
605.91077
1595.5403
606.3428
1598.4663
606.63556
1601.4043
606.8618
1604.3524
607.0265
1607.3091
607.1343
1610.273
607.19006
1613.2422
607.1987
1616.2153
607.165
1619.1909
607.09375
1622.1671
606.9899
1625.1426
606.8582
1628.1157
606.7035
1631.085
606.53064
1634.0485
606.34436
1637.497
606.1167
1640.4432
605.9181
1643.3789
605.72144
1646.3027
605.5315
1649.2128
605.3532
1649.3478
605.5939
1646.096
606.1924
1643.4463
606.6322
1640.3822
607.11707
1636.9939
607.63416
1633.987
608.08044
1631.4993
608.4424
1628.3301
608.89465
1625.1434
609.33997
1622.6165
609.68616
1619.5293
610.1003
1616.5701
610.4868
1613.2612
610.9038
1610.7666
611.20374
1607.6913
611.511
1604.6862
611.7223
1601.6553
611.9348
1598.4928
612.1886
1595.7097
612.4645
1592.7659
612.849
1589.6782
613.4524
1587.0261
614.48566
1587.2065
616.8734
1589.9576
618.4928
1592.8293
619.69324
1595.3948
620.50793
1598.367
620.8362
1601.34
621.06067
1604.3132
621.18726
1607.2864
621.2218
1610.7543
621.1538
1613.7251
621.00946
1616.6942
620.792
1619.6606
620.5072
1622.624
620.16113
1625.5837
619.7596
1628.5396
619.3086
1631.4902
618.8141
1634.4358
618.282
1637.3755
617.71826
1640.3086
617.12866
1643.2349
616.51935
1646.1536
615.8961
1649.0642
615.2649
1651.9661
614.6317
1652.9248
614.4693
1650.0115
615.24506
1647.0981
616.0237
1644.1855
616.80664
1641.274
617.59534
1638.3643
618.391
1635.4565
619.1953
1632.5516
620.0095
1629.65
620.8351
1626.7522
621.67346
1623.8589
622.526
1620.9702
623.3942
1618.0872
624.2794
1615.21
625.183
1612.3394
626.10645
1609.4758
627.05115
1606.6196
628.01855
1604.2458
628.843
1601.405
629.8557
1598.5734
630.895
1598.7483
632.4276
1601.1903
633.6417
1604.1221
634.6501
1607.131
635.25793
1610.2046
635.5064
1612.8813
635.4645
1616.0425
635.1544
1618.7759
634.6946
1621.9819
633.96783
1624.7355
633.2114
1627.4861
632.35925
1630.6808
631.2783
1633.398
630.30707
1636.0875
629.3219
1638.7417
628.34863
1641.7828
627.2627
1644.7528
626.26935
1647.3013
625.43713
1650.1665
624.2301
1652.9119
623.0969
1653.2582
623.2151
1650.4547
624.62024
1647.7388
625.96826
1645.2825
627.1937
1642.3475
628.6752
1639.6927
630.03937
1637.0951
631.40686
1634.651
632.7379
1631.9586
634.29004
1629.508
635.8861
1626.629
637.4919
1624.3674
638.9418
1621.8391
640.9331
1619.8898
642.89355
1618.3962
645.43964
1620.6108
646.7591
1623.6985
645.98157
1626.5964
644.8552
1629.01
643.90027
1631.8032
642.76886
1634.8186
641.40375
1637.4427
640.1301
1640.1183
638.7692
1642.7986
637.35504
1645.4365
635.92175
1647.9858
634.50354
1650.3994
633.1343
1653.0508
631.604
1655.7045
630.04846
1658.2231
628.5564
1656.5162
629.8882
1653.9932
631.6809
1651.5833
633.36646
1649.0199
635.1631
1646.8179
636.72705
1644.1577
638.6623
1641.9741
640.30676
1639.4551
642.2965
1637.1138
644.28064
1635.0209
646.23413
1632.9878
648.441
1631.3411
650.81934
1630.5529
653.73444
1632.1516
655.5691
1635.2526
654.4645
1637.8405
653.1741
1640.5808
651.572
1642.9337
650.05383
1645.3096
648.416
1647.6707
646.70276
1650.4314
644.609
1652.6272
642.88434
1655.0801
640.9047
1657.2727
639.0951
1659.415
637.3001
1661.7595
635.34985
1660.2908
636.97253
1658.3169
638.888
1656.1401
641.0332
1653.8442
643.3481
1651.9003
645.3634
1649.98
647.42017
1647.7749
649.894
1645.7574
652.3174
1644.011
654.6303
1642.4277
657.10895
1641.3154
659.80133
1642.0779
662.3241
1644.602
661.0653
1647.308
659.18225
1649.8306
657.266
1652.0146
655.5232
1654.2234
653.70166
1656.4102
651.8522
1658.94
649.6673
1661.2905
647.6029
1663.3815
645.7466
1665.6265
643.7467
1667.4202
642.31836
1665.0189
644.24927
1662.8392
646.40186
1660.8296
648.6909
1659.0625
650.9178
1657.1584
653.5442
1655.5938
655.90515
1654.0396
658.4961
1652.6487
661.1715
1651.5746
663.90393
1651.7234
666.7191
1654.7007
666.166
1657.2468
664.5812
1659.7932
662.667
1661.836
661.008
1664.1604
658.94946
1666.4321
656.82214
1668.4801
654.84485
1670.6931
652.666
1672.6793
650.68713
1674.8723
648.5002
1674.9587
648.71423
1672.8206
651.14764
1670.87
653.34375
1668.7683
655.46826
1666.8503
657.7573
1665.2404
659.99255
1663.6248
662.5765
1662.1865
665.33185
1661.1389
668.1559
1661.749
670.66
1664.6658
669.5299
1666.8818
667.9099
1669.263
665.88196
1671.6299
663.8961
1673.9395
661.8202
1675.9696
659.9084
1678.051
657.9075
1680.2981
655.78235
1680.112
656.76
1678.2603
659.1666
1676.371
661.55176
1674.4891
664.1719
1672.9994
666.5637
1671.508
669.30273
1670.3837
671.82166
1669.8081
674.76556
1672.5386
674.4552
1674.8228
672.7223
1677.1838
670.71936
1679.3943
668.85645
1681.6953
666.7548
1683.7056
664.8335
1686.0198
662.5635
1688.0999
660.51416
1689.5925
659.52075
1687.648
662.1915
1686.002
664.33276
1683.8519
667.02844
1682.2402
669.1555
1680.6526
671.7423
1679.6409
674.55316
1681.0824
676.55286
1683.998
675.3428
1686.2925
673.5753
1688.5563
671.3892
1690.5508
669.34424
1692.6069
667.3081
1694.798
664.96765
1696.6897
662.8562
1698.6221
660.71686
1697.5471
662.84814
1695.7983
665.5085
1694.0585
667.9664
1692.4835
670.1821
1690.9387
672.8246
1689.9702
675.4533
1690.7139
678.15186
1693.6503
678.12463
1696.4342
676.7449
1698.9312
674.8323
1700.8953
672.8763
1702.794
670.52466
1704.673
668.24225
1706.4875
665.7217
1707.0048
662.963
1705.2107
660.6645
1702.5671
659.3583
1699.4263
658.3493
1696.4973
657.58405
1693.7229
656.90076
1690.8716
656.1737
1688.0244
655.3635
1685.2625
654.4309
1682.3574
653.18665
1679.7773
651.68176
1677.4318
649.6361
1675.7876
647.1229
1673.8663
645.1843
1671.709
643.0454
1669.4893
640.67554
1667.5308
638.4354
1665.5884
636.06055
1663.9587
633.9327
1662.1248
631.3598
1660.392
628.7085
1659.0095
626.3883
1657.5432
623.6434
1656.2627
620.87616
1655.198
618.1063
1654.3787
615.3535
1653.7809
612.25366
1653.5869
609.23114
1653.8413
606.3153
1654.5883
603.5356
1655.8723
600.9214
1657.7377
598.5021
1660.2289
596.30695
1662.814
595.11633
1665.8191
595.3495
1668.4839
595.5338
1670.8264
595.1538
1667.8658
593.8345
1665.1139
592.6899
1662.2207
591.4364
1659.7858
590.37146
1657.0352
589.1996
1654.2815
588.03174
1651.5249
586.86755
1648.7661
585.70636
1646.005
584.54767
1643.2421
583.39075
1640.4777
582.2352
1637.7122
581.08044
1634.9458
579.9258
1632.179
578.77075
1629.4119
577.6146
1626.6451
576.4571
1623.8789
575.2974
1621.1135
574.135
1618.3494
572.9694
1615.5867
571.7999
1612.826
570.6261
1610.0676
569.44727
1607.3115
568.26294
1604.5583
567.0725
1601.8083
565.8753
1599.0619
564.6709
1596.3193
563.4587
1593.5808
562.23804
1590.8469
561.00854
1588.1179
559.7694
1585.3942
558.5202
1582.6759
557.2604
1579.9635
555.98926
1577.2573
554.7063
1574.5579
553.411
1571.865
552.1027
1569.1794
550.781
1566.5015
549.4451
1563.8313
548.0946
1561.1693
546.7288
1558.0743
545.1154
1555.4313
543.7147
1552.7974
542.29694
1550.1731
540.8616
1547.5588
539.4081
1544.9548
537.9357
1542.3613
536.4441
1539.7788
534.9326
1537.2075
533.40063
1534.6477
531.84766
1532.1001
530.2731
1529.5646
528.6763
1527.0416
527.0568
1524.5316
525.414
1522.0349
523.7473
1519.5518
522.05615
1517.9038
520.9149
1792.9373
567.2883
1789.5012
567.53894
1786.637
567.96277
1783.8463
568.5699
1781.1279
569.3512
1778.0464
570.47046
1775.4808
571.59753
1772.5742
573.09515
1770.156
574.5249
1767.8037
576.0799
1765.1416
578.04
1762.9287
579.8347
1760.7782
581.7256
1758.3468
584.04095
1756.3276
586.10864
1754.3674
588.24347
1752.465
590.43616
1750.3165
593.0553
1748.5347
595.342
1746.8069
597.6576
1745.1318
599.9928
1743.2429
602.7299
1741.6782
605.07635
1740.1628
607.41345
1738.2754
609.75977
1735.9885
611.91003
1733.709
613.7658
1731.051
615.5514
1728.3867
616.92035
1725.7069
617.86414
1722.614
618.4114
1719.8716
618.4158
1716.6842
617.8672
1713.8387
616.8933
1711.3508
615.68494
1708.812
614.12604
1706.2166
612.2113
1703.7488
610.7468
1700.9482
609.6121
1698.2366
608.3174
1695.7217
607.01624
1693.0996
605.60297
1690.3945
604.12067
1687.6304
602.6123
1685.2327
601.3312
1682.4236
599.88837
1679.6248
598.54236
1676.8602
597.336
1674.1543
596.3123
1671.1646
595.42126
1668.3191
594.88916
1665.3352
594.7995
1662.3501
595.43896
1659.7808
596.97766
1657.882
599.23486
1656.5664
602.01184
1657.0822
604.57275
1658.5798
607.5654
1659.9844
610.0659
1661.4961
612.50507
1663.1106
614.881
1665.1182
617.5709
1666.9403
619.8042
1668.8513
621.9689
1670.8472
624.0635
1673.2769
626.416
1675.4412
628.3524
1677.6764
630.21326
1679.9783
631.9967
1682.3424
633.7011
1684.7644
635.3247
1687.6575
637.11456
1690.19
638.5573
1692.7667
639.9138
1695.3833
641.18243
1698.0354
642.3615
1701.1685
643.6216
1703.8826
644.6006
1706.6184
645.4846
1709.3716
646.272
1712.6001
647.066
1715.4058
647.5995
1718.4141
648.2561
1721.2424
649.302
1723.701
650.82666
1725.6097
652.9121
1726.8103
655.6273
1727.1825
658.7228
1726.9009
661.81366
1726.2178
664.7804
1725.3228
667.5356
1724.2036
670.3767
1723.0763
672.914
1721.6589
675.8507
1720.3398
678.4344
1718.9786
681.0143
1717.6056
683.574
1716.0607
686.4539
1714.7639
688.9158
1713.3855
691.64124
1712.1606
694.2494
1711.0223
697.0133
1710.0662
700.09784
1708.729
702.7132
1707.5532
705.5931
1706.7367
708.308
1706.1318
711.12006
1705.6997
714.3416
1705.5332
717.20496
1705.5857
720.3654
1705.842
723.0689
1706.4343
726.23425
1707.3226
729.07654
1708.6338
731.7209
1710.4529
733.891
1713.0732
735.27527
1716.2125
735.18506
1719.0312
733.9165
1721.2703
732.2557
1723.6647
729.9205
1725.5603
727.69836
1727.7155
725.51794
1730.0546
723.6797
1732.3772
721.8198
1734.6829
719.93835
1736.9712
718.0354
1739.2417
716.11096
1741.4939
714.1651
1743.7275
712.1979
1745.9421
710.2093
1748.137
708.19946
1750.312
706.16833
1752.4666
704.116
1754.6003
702.0426
1756.7129
699.948
1758.8037
697.8324
1760.8726
695.69574
1762.9187
693.5381
1764.9419
691.3596
1767.2728
688.7916
1769.2446
686.56793
1771.1924
684.3234
1773.1152
682.0582
1775.013
679.7723
1776.8849
677.4657
1778.731
675.13855
1780.5505
672.7908
1782.343
670.4226
1784.1082
668.0339
1785.8456
665.62476
1787.5547
663.1953
1789.2352
660.7456
1790.8866
658.2755
1792.5085
655.78516
1794.1005
653.2747
1795.6624
650.74414
1797.1934
648.19336
1798.9398
645.19214
1800.4025
642.598
1801.8329
639.984
1803.2307
637.35004
1804.5956
634.6962
1805.6638
631.9053
1806.5132
629.12573
1807.795
626.6994
1809.761
624.275
1812.1472
622.2429
1814.4584
620.7772
1817.385
619.34717
1820.0255
618.32715
1822.7275
617.4652
1825.8817
616.6196
1828.9515
615.9009
1831.8464
615.26135
1834.476
614.6534
1837.3208
613.84143
1840.0007
612.4166
1840.7694
609.3049
1840.9785
606.6145
1840.9047
603.5155
1840.4623
600.4725
1839.6245
597.4991
1838.571
595.01636
1836.9264
592.2086
1835.1411
589.8882
1832.9911
587.65625
1830.9082
585.87024
1828.2047
583.8208
1826.0837
581.8396
1823.8767
579.9259
1821.5868
578.0938
1819.2175
576.3572
1816.7726
574.7299
1814.2554
573.2261
1811.2323
571.64606
1808.5709
570.45734
1805.8486
569.43616
1803.0687
568.59656
1800.235
567.95233
1796.8654
567.4663
1793.927
567.29346
1792.9373
567.2883
1801.9767
582.51215
1805.0773
583.3983
1807.5347
584.7114
1809.4338
586.96686
1809.7246
590.0414
1808.5562
592.7342
1806.6072
594.95526
1804.1432
596.6455
1801.2795
597.5915
1798.3849
597.2852
1796.1025
595.26624
1795.0679
592.41003
1794.8026
589.4098
1795.5193
586.499
1797.286
584.3462
1800.1294
582.79663
1801.9767
582.51215
1639.1864
515.3277
1639.3776
518.76514
1639.7188
521.65125
1640.2157
524.4833
1640.8608
527.26294
1641.7905
530.44165
1642.7307
533.113
1643.7949
535.7367
1645.1831
538.73975
1646.49
541.26587
1647.8971
543.7494
1649.655
546.595
1651.2528
548.99133
1652.9265
551.3501
1654.6687
553.6726
1656.7773
556.3385
1658.6416
558.588
1660.5503
560.80615
1662.4956
562.99475
1664.47
565.1551
1666.466
567.2888
1668.4758
569.3975
1670.8284
571.828
1672.8424
573.8877
1674.8464
575.92725
1677.1614
578.2833
1679.1172
580.2848
1681.3041
582.3424
1683.5063
584.3836
1685.7236
586.40845
1687.9556
588.4169
1690.2023
590.40894
1692.4633
592.3849
1694.7384
594.34454
1697.0273
596.2881
1699.3301
598.2155
1701.646
600.1269
1703.9751
602.02234
1706.3171
603.9018
1708.672
605.7654
1711.0392
607.61316
1713.4187
609.4451
1715.8099
611.2614
1718.213
613.062
1720.6274
614.847
1723.0531
616.6164
1725.4897
618.37036
1723.857
617.2688
1721.4062
615.59283
1718.954
613.91064
1716.5015
612.2213
1714.0498
610.52405
1711.6002
608.81793
1709.154
607.1023
1706.7122
605.3761
1704.2761
603.6387
1701.8469
601.88904
1699.4259
600.12646
1697.0142
598.35
1694.6128
596.5589
1692.2231
594.7523
1689.8464
592.9293
1687.4839
591.0892
1685.1366
589.2311
1682.8058
587.354
1680.4927
585.4573
1678.1985
583.54004
1675.9243
581.60144
1673.6714
579.6406
1671.441
577.6567
1669.2344
575.6489
1666.6914
573.27515
1664.5402
571.21265
1662.4164
569.12366
1660.3213
567.0072
1658.2561
564.86255
1656.2219
562.68884
1654.2201
560.4852
1652.2517
558.25085
1650.3181
555.98486
1648.4203
553.6865
1646.5596
551.3548
1644.737
548.989
1642.9541
546.5883
1641.2119
544.15186
1640.2748
543.47064
1641.0112
546.2912
1641.9387
549.00977
1643.2454
552.05945
1644.5437
554.57495
1646.2485
557.402
1647.8586
559.73895
1649.5928
562.0017
1651.4384
564.1956
1653.7156
566.67505
1655.7595
568.73755
1657.8749
570.7477
1660.0493
572.7107
1662.2703
574.63184
1664.5251
576.51624
1667.1818
578.6753
1669.4668
580.49817
1671.7461
582.3009
1674.0067
584.08875
1676.2363
585.8668
1678.7814
587.9361
1681.1627
589.72375
1683.603
591.4982
1686.0559
593.25525
1688.5208
594.99506
1690.9978
596.7178
1693.4866
598.4237
1695.9865
600.113
1698.4973
601.7858
1701.0193
603.44244
1703.5518
605.08307
1706.0944
606.7079
1708.647
608.317
1711.2092
609.91077
1713.7808
611.4894
1715.9308
612.79346
1718.5188
614.3446
1721.1155
615.8812
1723.7203
617.4035
1725.4602
618.42163
1722.8403
616.97815
1720.2252
615.5242
1717.6151
614.0593
1715.0105
612.5834
1712.4116
611.0958
1709.8191
609.5963
1707.2332
608.0845
1704.6544
606.56006
1702.0831
605.0227
1699.5198
603.4719
1696.9647
601.9075
1694.4185
600.3288
1691.8813
598.7358
1688.9333
596.8585
1686.4175
595.2329
1683.9121
593.5918
1681.4174
591.9347
1678.9341
590.2613
1676.4624
588.5712
1674.0027
586.86414
1671.5557
585.13965
1669.1213
583.39746
1666.7004
581.63715
1664.2933
579.8584
1661.9004
578.0608
1659.522
576.244
1657.1584
574.40765
1654.8105
572.55145
1652.4783
570.6749
1650.1621
568.7779
1647.8625
566.85986
1645.5801
564.9205
1643.3152
562.95935
1642.8903
563.25964
1644.3909
565.75525
1646.0168
568.1463
1647.7599
570.43884
1649.9305
572.9972
1651.8993
575.09735
1653.9592
577.1183
1656.1023
579.06616
1658.6968
581.2544
1660.9917
583.06476
1663.344
584.82135
1665.7454
586.5303
1668.1875
588.19763
1670.6624
589.82947
1673.1619
591.4319
1675.6776
593.011
1678.2017
594.5729
1680.7256
596.1236
1683.6594
597.92694
1686.1555
599.47455
1688.6257
601.03033
1691.062
602.60034
1693.4559
604.1908
1696.0444
605.9074
1698.4586
607.36414
1701.2533
608.99084
1703.6674
610.36584
1706.4746
611.94104
1708.971
613.3254
1711.6859
614.81665
1714.2021
616.18713
1716.8566
617.62103
1719.522
619.04504
1718.4546
618.4453
1715.7941
617.0206
1713.1343
615.6023
1710.3635
614.11475
1707.7378
612.6378
1705.1118
611.1605
1702.4858
609.6821
1699.8604
608.20184
1697.2362
606.7189
1694.6135
605.23267
1691.9932
603.7423
1689.3752
602.2471
1686.7605
600.74634
1684.1494
599.23926
1681.5424
597.7252
1678.9402
596.20337
1676.343
594.6729
1673.7516
593.1332
1671.1663
591.5835
1668.5879
590.0231
1666.0166
588.4511
1663.8796
587.13184
1661.323
585.537
1658.7749
583.92847
1656.236
582.3056
1653.7068
580.6677
1651.1877
579.01404
1648.6794
577.3438
1646.1823
575.65625
1644.2827
574.69055
1645.6544
577.6864
1647.0494
580.0111
1648.9113
582.4633
1651.0023
584.6615
1653.2983
586.6327
1655.7749
588.40393
1658.4078
590.0023
1660.7705
591.25525
1663.6294
592.6043
1666.5752
593.85785
1669.1509
594.8768
1672.1934
596.02466
1674.8163
596.99304
1677.4368
597.96497
1680.4703
599.1262
1683.0331
600.16455
1685.9575
601.44995
1688.7883
602.84076
1691.1221
604.1373
1693.7148
605.79584
1696.7291
606.8865
1699.3901
608.1207
1701.8525
609.4481
1704.4254
610.9389
1707.0544
612.5125
1709.6853
614.08826
1712.2638
615.58545
1715.1335
617.12537
1717.7721
618.3203
1720.394
619.0994
1723.2686
618.6915
1723.7451
616.0513
1721.8735
613.81384
1719.97
611.6012
1718.0366
609.4115
1715.7467
606.8838
1713.7566
604.7383
1711.744
602.61035
1709.711
600.49854
1707.6597
598.401
1705.5923
596.3159
1703.5112
594.2418
1701.0688
591.8335
1698.9653
589.7772
1696.855
587.7264
1694.7401
585.67944
1692.6228
583.6345
1690.5056
581.5901
1688.3904
579.54443
1686.2793
577.4957
1683.8248
575.0996
1681.7307
573.0387
1679.648
570.9695
1677.5786
568.89026
1675.5251
566.7992
1673.4895
564.6948
1671.474
562.5753
1669.1511
560.0811
1667.1869
557.923
1665.2499
555.7444
1663.3423
553.5436
1661.4664
551.31885
1659.6243
549.06854
1657.5208
546.4086
1655.7595
544.09705
1654.0391
541.7546
1652.3616
539.3794
1650.7295
536.96985
1648.8857
534.11304
1647.3593
531.62335
1645.8851
529.0938
1644.4656
526.5229
1643.1025
523.9088
1641.7986
521.25
1640.5558
518.5447
1639.3762
515.79114
1639.1864
515.3277
1706.6077
645.7565
1709.5286
646.5372
1712.5315
647.1948
1715.5509
647.699
1714.5322
647.3065
1711.4198
646.8119
1708.5956
646.28406
1706.6077
645.7565
1721.4991
648.61456
1719.8212
651.3572
1718.1274
653.8855
1716.2368
656.525
1714.5376
658.77356
1712.7485
661.0357
1710.8911
663.2827
1708.9868
665.4856
1706.6697
668.0303
1704.737
670.03455
1702.448
672.25696
1700.2267
674.2329
1698.1099
675.9125
1695.5137
677.60474
1692.7554
678.6742
1693.3918
676.2166
1694.6375
673.51807
1696.1052
670.76624
1697.6478
668.11414
1699.118
665.7145
1700.7112
663.1718
1700.8271
662.20337
1698.719
664.5509
1696.5618
667.0292
1694.7267
668.8708
1692.4072
671.3074
1690.6504
673.5488
1689.087
675.9166
1687.4817
678.8202
1686.271
681.4138
1685.1925
684.0897
1684.227
686.8336
1683.3555
689.63184
1682.4315
692.9461
1681.697
695.8136
1680.9954
698.69104
1680.3071
701.56433
1679.6132
704.41956
1678.8943
707.2428
1678.1311
710.02
1677.1992
713.22705
1676.5825
716.1676
1675.9854
719.1107
1675.4072
722.0564
1674.848
725.00464
1674.3073
727.9553
1673.7847
730.90845
1673.28
733.8639
1672.793
736.8216
1672.323
739.7815
1671.8701
742.7436
1671.4337
745.70776
1671.0137
748.6741
1670.6096
751.6423
1670.2212
754.6124
1669.8483
757.5845
1669.4902
760.55835
1669.147
763.53394
1668.8181
766.5112
1668.5035
769.4902
1668.2026
772.4707
1667.9153
775.45276
1667.6409
778.4363
1667.3796
781.42114
1667.1307
784.4074
1666.8942
787.39496
1666.6694
790.3837
1666.4563
793.37366
1666.2546
796.3647
1666.0637
799.3568
1665.8835
802.34985
1665.7137
805.3439
1665.554
808.3388
1665.4038
811.33453
1665.2632
814.33105
1665.1316
817.32825
1665.0089
820.3261
1664.8945
823.3245
1664.7883
826.3235
1664.6901
829.32294
1664.5992
832.32275
1664.5156
835.32294
1664.439
838.3234
1664.3689
841.32416
1664.3049
844.3251
1664.2471
847.3262
1664.1948
850.3273
1664.148
853.32837
1664.106
856.32947
1664.0686
859.33044
1664.0356
862.3312
1664.0068
865.3317
1663.9819
868.332
1663.9603
871.33185
1663.9419
874.33136
1663.9263
877.3304
1663.9132
880.3289
1663.9023
883.3269
1663.8933
886.32416
1663.8857
889.3208
1663.8796
892.31665
1663.8743
895.31165
1663.8696
898.3058
1663.8652
901.299
1663.9033
903.2987
1664.152
900.32996
1664.394
897.35815
1664.6305
894.3835
1664.8624
891.4064
1665.0908
888.42706
1665.317
885.4457
1665.5417
882.4625
1665.7659
879.47797
1665.9908
876.49225
1666.2174
873.5056
1666.4468
870.5183
1666.6802
867.53076
1666.9181
864.5432
1667.1619
861.55566
1667.4126
858.5686
1667.6711
855.5822
1667.9387
852.59686
1668.2163
849.61273
1668.5049
846.6301
1668.8057
843.64935
1669.1196
840.6708
1669.4476
837.6944
1669.7908
834.72064
1670.15
831.74976
1670.5266
828.782
1670.9216
825.8177
1671.3359
822.85706
1671.7705
819.9004
1672.2264
816.948
1672.705
814.0
1673.2068
811.0569
1673.7333
808.1187
1674.2853
805.1859
1674.8638
802.25867
1675.4701
799.33734
1676.105
796.4221
1676.8833
793.02893
1677.5837
790.12787
1678.3162
787.23376
1679.0815
784.3469
1679.8811
781.4676
1680.7156
778.59607
1681.5862
775.7326
1682.4939
772.87744
1683.3009
770.0717
1683.7642
767.1787
1684.7279
764.507
1686.353
761.6955
1688.1548
759.42145
1690.2379
757.2973
1692.5327
755.3003
1694.9694
753.4078
1697.1179
751.85156
1699.633
750.0927
1702.0907
748.3734
1704.7396
746.42786
1706.8394
744.7168
1709.1226
742.46704
1710.8002
740.11646
1711.7734
737.32764
1711.5527
734.4607
1710.5447
731.7131
1709.6738
728.5203
1709.1733
725.7947
1708.8579
722.62787
1708.8103
719.47534
1708.9666
716.78467
1709.3596
713.65906
1709.9589
710.54834
1710.6202
707.8939
1711.5452
704.8113
1712.4536
702.1813
1713.6294
699.1273
1714.7212
696.5223
1715.8757
693.92896
1717.2843
690.9184
1718.5286
688.35095
1719.7926
685.7956
1721.2743
682.82983
1722.5347
680.30115
1723.7716
677.785
1725.167
674.8655
1726.3066
672.3769
1727.5513
669.48987
1728.7401
666.91516
1729.874
663.83716
1730.5481
661.00256
1730.8369
658.1741
1730.5869
655.118
1729.598
652.4387
1727.4454
650.11975
1724.8997
648.9972
1721.4991
648.61456
1721.4991
648.61456
