716.196434
574.09753
714.8478
576.07874
714.32764
577.5888
714.34973
579.72653
715.1696
581.7081
716.32855
583.2377
717.8053
584.65405
719.4926
585.9553
720.9219
586.912
722.71747
588.0006
724.4957
589.0853
726.0947
590.29785
727.68243
591.5245
729.2591
592.76483
730.8249
594.01855
732.38
595.2852
733.92474
596.5646
735.4592
597.8562
736.9837
599.15967
738.49835
600.47473
740.00336
601.8009
741.49896
603.1379
742.98535
604.4853
744.46277
605.8428
745.93134
607.20996
747.39136
608.5865
748.8429
609.972
750.2863
611.366
751.7218
612.7684
753.1494
614.1785
754.5696
615.5962
755.9823
617.021
757.3879
618.4525
758.78656
619.8905
760.17847
621.3345
761.5638
622.7841
760.9714
621.9737
759.71375
620.41486
758.44763
618.8628
757.17346
617.3175
755.8911
615.7789
754.6008
614.2468
753.3028
612.7214
751.99713
611.2024
750.6839
609.6898
749.6942
608.5595
748.36816
607.058
747.0351
605.5626
745.695
604.0735
744.34814
602.59033
742.9945
601.1133
741.6344
599.6421
740.2678
598.17676
738.895
596.7173
737.5161
595.26355
736.1313
593.8154
734.74054
592.37286
733.3442
590.9359
731.94226
589.50433
730.5349
588.0782
729.1223
586.65735
727.70465
585.24176
726.282
583.8313
724.8545
582.426
723.4223
581.02576
721.9856
579.63043
720.5445
578.24
719.0991
576.85443
717.64966
575.47363
716.19635
574.09753
716.1964
574.09753
694.2645
568.3981
692.60815
569.747
690.86487
570.7012
689.0526
570.6117
688.2989
568.8438
688.5747
566.7159
689.41034
564.9418
690.9896
563.9004
692.6147
564.8814
693.6399
566.69775
694.2645
568.3981
649.18317
649.17004
651.0781
647.547
652.57526
646.22876
654.05554
644.89294
655.51886
643.5399
656.9652
642.1699
658.3946
640.78314
659.80695
639.3799
661.20215
637.9603
662.5802
636.52466
663.94104
635.07324
665.28467
633.60614
666.61096
632.1237
667.9199
630.62616
669.2114
629.1137
670.48553
627.5866
671.74207
626.04504
672.9811
624.4893
674.2025
622.9196
675.4063
621.3362
676.59235
619.73926
677.7606
618.129
678.91113
616.5058
680.04376
614.86975
681.1585
613.2211
682.2553
611.5602
683.3341
609.88715
684.39484
608.2023
685.43744
606.50574
686.4619
604.7978
687.46814
603.0786
688.4562
601.3486
689.42584
599.60785
690.3772
597.8566
691.3101
596.09515
692.22455
594.3237
691.0524
592.7933
689.1563
592.19885
687.03894
592.18823
685.02075
592.4983
683.291
592.93713
681.0443
593.70337
679.22345
594.4749
677.42096
595.37366
675.673
596.3868
674.0158
597.5015
672.4856
598.70526
671.11847
599.9851
669.9508
601.3284
668.82666
603.0774
668.0035
604.9484
667.0921
606.6901
666.2325
608.4549
665.4193
610.2404
664.6473
612.04425
663.91113
613.86414
663.2056
615.69763
662.3588
618.00507
661.703
619.8606
661.0606
621.72217
660.4265
623.58734
659.7954
625.45374
659.1619
627.31903
658.5209
629.1809
657.867
631.0369
657.195
632.88477
656.49963
634.72205
655.7756
636.54645
655.0176
638.3556
654.2204
640.1471
653.3787
641.9187
652.2561
644.10144
651.29517
645.81946
650.2726
647.50977
649.18317
649.17004
649.18317
649.17004
683.29156
551.5256
680.8481
551.7105
678.949
552.00183
677.0984
552.41406
675.2957
552.94116
673.54004
553.577
671.4105
554.5156
669.758
555.37415
668.15
556.3218
666.20166
557.62244
664.6912
558.7484
663.22284
559.94385
661.79584
561.2027
660.40936
562.51886
658.7321
564.2355
657.4341
565.65845
656.1741
567.11914
654.9514
568.61145
653.7653
570.1293
652.6149
571.66656
651.2261
573.60645
650.1533
575.1655
649.1139
576.72437
648.107
578.27704
648.41205
577.9635
649.51294
576.5199
650.9498
574.72784
652.1465
573.30945
653.384
571.90924
654.6611
570.5315
656.31146
568.84753
657.6737
567.5362
659.0719
566.2613
660.50494
565.0272
662.3437
563.5485
663.8512
562.42194
665.38995
561.3501
666.95886
560.3374
668.9607
559.1612
670.5933
558.2972
672.25244
557.5062
674.3619
556.6269
676.07654
556.0161
678.25195
555.37555
680.0165
554.9668
681.8014
554.6547
684.05945
554.4073
685.886
554.3287
688.1927
554.38666
690.05536
554.5633
691.9322
554.86035
693.82214
555.2822
695.7484
555.9571
697.7296
556.7547
699.30365
557.2977
699.44586
556.6467
697.64215
555.5722
695.74426
554.6014
693.9032
553.7604
692.2931
553.1025
690.3552
552.4203
688.50415
551.9159
686.3412
551.6313
684.32666
551.5734
683.29156
551.5256
499.9359
520.6099
500.92963
522.83844
501.85104
524.51807
502.87714
526.1113
504.00073
527.62286
505.2147
529.0576
506.84836
530.7502
508.2395
532.0295
509.6978
533.24744
511.2161
534.40894
513.18744
535.78864
514.8145
536.8405
516.4784
537.85144
518.1719
538.82623
519.8878
539.7697
521.6191
540.6866
523.35846
541.5817
525.09894
542.4599
526.8332
543.32587
528.5542
544.18445
530.6759
545.25464
532.3409
546.11414
534.02344
546.9736
535.85596
547.8051
537.6935
548.62494
539.5357
549.4332
541.3826
550.23035
543.2341
551.01654
545.0899
551.792
546.95
552.557
548.8142
553.3118
550.6824
554.0567
552.5544
554.79193
554.4301
555.51776
556.30945
556.2344
558.1922
556.94214
560.0783
557.64124
561.9676
558.332
563.85986
559.0145
565.7551
559.6893
567.6531
560.3563
569.5538
561.0161
571.4569
561.6687
573.3624
562.3145
575.2702
562.95374
577.1801
563.58655
579.092
564.2134
581.00574
564.83435
582.92114
565.44977
584.83813
566.0599
586.7566
566.6649
588.67633
567.2652
590.5973
567.86096
592.5192
568.4524
593.9613
568.8934
593.9562
568.9632
591.5371
568.405
589.5999
567.95685
587.6614
567.50665
585.7218
567.0539
583.7815
566.598
581.8407
566.1385
579.8998
565.67474
577.95905
565.20624
576.01874
564.7324
574.0793
564.25275
572.14087
563.76666
570.2039
563.2736
568.2686
562.77313
566.3353
562.2645
564.40436
561.7474
562.476
561.22107
560.55066
560.68506
558.6285
560.1388
556.70984
559.5818
554.79504
559.0134
552.8844
558.43317
550.9782
557.8405
549.07684
557.23486
547.1805
556.61566
545.28955
555.9824
543.4043
555.3346
541.525
554.6716
539.65204
553.9928
537.78564
553.29785
535.9262
552.586
534.074
551.8569
532.22925
551.1098
530.3924
550.3443
528.56366
549.55975
526.74335
548.75574
524.93176
547.9316
523.1293
547.08673
521.3362
546.22076
519.5527
545.33307
517.77924
544.42303
516.016
543.49023
514.2634
542.534
512.52167
541.55383
510.79117
540.5492
509.07214
539.5196
507.36496
538.46436
507.75748
539.4266
508.934
540.96924
510.20337
542.40656
511.55878
543.7451
513.36346
545.28925
514.88715
546.4293
516.4745
547.4919
518.1186
548.4834
519.8125
549.41046
521.9895
550.4886
523.77045
551.2945
525.57886
552.0571
527.40784
552.78314
529.2505
553.47906
531.10004
554.1513
532.94946
554.8066
534.792
555.4513
536.62067
556.09204
538.4286
556.73535
540.6489
557.5531
542.5294
558.17377
544.4563
558.76917
546.3866
559.3528
548.3202
559.925
550.257
560.4859
551.7117
560.89935
553.6539
561.4411
555.59906
561.9722
557.54706
562.493
559.4978
563.0035
561.4512
563.504
563.40704
563.9948
565.36536
564.4761
567.326
564.94806
569.2888
565.41095
571.25385
565.865
573.2208
566.31036
575.18976
566.7473
577.1605
567.1761
579.13293
567.59686
581.107
568.0099
583.0825
568.4154
585.0595
568.8136
587.0378
569.2048
589.0172
569.589
590.9978
569.9666
592.9793
570.3378
591.9917
570.2068
590.01544
569.9013
588.0406
569.58636
586.0673
569.26196
584.0956
568.92816
582.1255
568.585
580.157
568.23254
578.1901
567.8707
576.225
567.49963
574.2616
567.1193
572.30005
566.7298
570.3402
566.33105
568.3823
565.9232
566.4263
565.5062
564.47217
565.08014
562.5201
564.645
560.56995
564.20087
558.6219
563.74774
556.67596
563.28564
554.7321
562.8146
552.7904
562.33466
550.85095
561.8459
548.9137
561.34827
546.9787
560.8418
545.046
560.3266
543.1157
559.8026
541.1878
559.27
539.2623
558.72864
537.3393
558.17865
535.41876
557.62006
533.5008
557.0529
531.5854
556.4772
529.6726
555.89294
527.76245
555.3002
525.85504
554.699
523.9503
554.0894
522.0484
553.4714
520.14923
552.84503
518.2529
552.2103
516.3595
551.5673
514.46906
550.916
514.244
551.2586
515.73456
552.51544
517.2904
553.6643
518.9062
554.71295
520.5768
555.66907
522.73413
556.74567
524.50885
557.52155
526.32135
558.22986
528.1664
558.87823
530.03876
559.4744
531.9332
560.026
533.84454
560.5407
535.76746
561.0263
537.6967
561.49036
539.6272
561.94055
541.5536
562.38464
543.47064
562.8303
545.37317
563.28516
547.2559
563.75696
549.57355
564.3822
551.54266
564.8104
553.5135
565.2306
555.48596
565.64276
557.46
566.047
558.94165
566.3451
560.9185
566.7358
562.89685
567.1189
564.8766
567.4945
566.8578
567.8628
568.8403
568.22375
570.8241
568.57764
572.8092
568.92444
574.7955
569.26434
576.78296
569.5974
578.7715
569.92377
580.76117
570.2435
582.75183
570.5568
584.7434
570.8638
586.73596
571.1644
588.7294
571.45886
590.72363
571.7474
591.72174
571.8899
589.72986
571.60986
587.73804
571.3289
585.74634
571.047
583.7547
570.764
581.7632
570.4798
579.77185
570.19434
577.7807
569.90753
575.78973
569.61926
573.79895
569.3294
571.8084
569.0379
569.8181
568.7446
567.8281
568.4495
565.8384
568.15247
563.849
567.8534
561.85986
567.5522
559.87115
567.2488
557.88275
566.943
555.8948
566.6348
553.90717
566.3241
551.92
566.0108
550.42993
565.77405
548.44354
565.45593
546.45764
565.13495
544.4722
564.81104
542.48737
564.484
540.503
564.1539
538.5192
563.82043
536.53595
563.48364
534.55334
563.14343
532.57135
562.7997
530.58997
562.4523
528.60925
562.10114
526.62915
561.7462
524.6498
561.3873
522.67114
561.0244
520.69324
560.6574
519.60657
560.6756
521.22095
561.79816
522.88025
562.8252
524.5814
563.7623
526.76196
564.8159
528.5459
565.57153
530.3617
566.2557
532.2062
566.874
534.0763
567.43225
535.969
567.936
537.88116
568.39087
539.8097
568.8027
541.7515
569.17706
543.7036
569.5196
545.6628
569.836
547.62604
570.13196
549.5903
570.4131
551.55237
570.6851
553.5093
570.9537
555.9434
571.2932
557.8774
571.5747
559.7961
571.87115
561.6965
572.18823
563.4727
572.4597
565.5228
572.70557
567.4333
572.90735
569.52606
573.11066
571.74744
573.31274
573.46564
573.46185
575.783
573.6551
577.51166
573.7944
579.7609
573.9704
581.37683
574.09357
583.3936
574.2438
585.6179
574.4053
587.4147
574.5324
589.3068
574.6621
587.4111
574.60144
585.40485
574.54926
583.39874
574.4896
581.39276
574.4234
579.3869
574.3513
577.3812
574.27423
575.3756
574.1929
573.37006
574.108
571.36456
574.02045
569.35913
573.93097
567.3537
573.84033
565.3483
573.7494
563.34296
573.6589
561.3376
573.5696
559.33215
573.4823
557.32666
573.39777
555.32117
573.3168
553.31555
573.2402
551.3099
573.16864
549.3041
573.1031
547.29816
573.0442
545.29205
572.9928
543.2859
572.94965
541.2795
572.9155
539.2729
572.8913
537.2661
572.8776
535.25916
572.8753
534.20667
573.08246
536.0296
573.83813
537.87
574.5202
539.72675
575.1317
541.59894
575.676
543.95917
576.26654
545.8621
576.671
547.7771
577.0186
549.703
577.31244
551.63885
577.5557
553.5836
577.7517
555.53613
577.90344
557.49554
578.0143
559.46063
578.08734
561.4305
578.1258
563.40405
578.1329
565.3802
578.1117
567.85254
578.0505
569.8309
577.9776
571.8085
577.88684
573.78424
577.78143
575.75726
577.6646
577.7264
577.53955
579.6907
577.40936
581.649
577.27734
583.60034
577.14667
585.54364
577.0205
587.4779
576.902
587.3983
577.09656
585.3973
577.46155
583.63074
577.75476
581.5881
578.078
579.3291
578.4227
577.52893
578.69025
575.666
578.96155
573.1282
579.323
571.21704
579.58923
569.32733
579.8472
567.4844
580.09357
565.71326
580.3246
563.5074
580.6026
561.5342
580.83856
559.60474
581.0214
557.77716
581.14905
555.7467
581.29156
553.62915
581.462
551.88135
581.6347
549.90424
581.8901
547.9095
582.27075
545.99133
583.00867
546.2392
584.66394
548.0778
585.7112
549.7228
586.3996
551.7616
587.0263
553.74304
587.2392
555.72516
587.3832
557.7074
587.4623
559.6896
587.4804
561.67114
587.4415
563.65186
587.34955
565.6313
587.20844
567.6091
587.02216
569.58484
586.7947
571.5582
586.52997
573.5289
586.23193
575.49634
585.90454
577.4603
585.5517
579.4205
585.1774
581.37634
584.7857
583.3276
584.38043
585.2738
583.9655
587.21466
583.545
589.14984
583.1228
589.63025
583.0645
587.69617
583.5798
585.76227
584.09705
583.82874
584.6173
581.89606
585.14154
579.96454
585.67053
578.0345
586.2053
576.5882
586.6108
574.6617
587.15796
572.7377
587.71344
570.8164
588.2782
568.89844
588.85315
566.98395
589.4392
565.07336
590.03735
563.167
590.64844
561.26526
591.2735
559.3684
591.9134
557.4769
592.5691
555.59106
593.24146
553.71124
593.9315
553.9714
595.0309
555.61084
595.8239
557.294
596.4003
559.45154
596.8429
561.214
596.99585
563.45386
596.96436
565.26886
596.78235
567.5578
596.3874
569.39874
595.95886
571.2427
595.44916
573.0843
594.8758
574.9184
594.2562
576.7396
593.6079
578.99023
592.7838
580.7635
592.13477
582.5068
591.51385
584.63586
590.80383
586.3589
590.22455
588.35474
589.3848
589.9587
588.72424
590.23535
588.7775
588.22784
589.7842
586.58594
590.599
584.7302
591.52496
582.7542
592.52344
581.08307
593.3831
579.4474
594.24414
577.60754
595.24774
575.9901
596.1826
574.3411
597.2556
572.29706
598.3996
570.6904
599.4524
569.2874
600.568
567.7883
602.09503
566.9188
603.7014
568.4786
604.49713
570.59576
603.9429
572.5768
603.1596
574.00665
602.6002
575.8688
601.8459
577.87897
600.9358
579.9834
599.9092
581.5911
599.0864
583.19885
598.2367
584.7839
597.3767
586.8225
596.24255
588.2661
595.42285
590.03375
594.40265
591.91504
593.29944
593.55237
592.3292
592.2234
593.34595
590.77167
594.37695
588.7453
595.7944
587.45264
596.7007
585.68146
597.95953
583.89984
599.2604
582.58563
600.2535
580.9013
601.58716
579.3387
602.9164
577.9457
604.22406
576.51624
605.80273
575.52075
607.28827
575.0348
609.1486
576.35004
610.31433
578.3397
609.5656
580.09735
608.6706
581.4829
607.86096
583.38403
606.63904
584.82556
605.64435
586.73267
604.256
588.1272
603.1967
589.9028
601.80237
591.5415
600.4766
592.9984
599.2719
594.2287
598.24066
595.82965
596.908
594.8679
597.9745
593.56146
599.24225
592.1207
600.6617
590.60046
602.1936
589.0554
603.7987
587.9133
605.0269
586.45667
606.6655
585.1258
608.26917
583.97546
609.79865
582.87494
611.54626
582.249
613.03986
582.8488
614.9576
584.54553
613.9492
586.115
612.85425
587.8126
611.56885
589.58276
610.15356
590.92444
609.0433
592.6875
607.5465
593.95996
606.4448
595.54535
605.0523
596.95276
603.8027
598.37683
602.534
599.5898
601.5734
597.8707
602.9614
596.5595
604.2679
595.2197
605.79395
593.8969
607.47
592.84045
608.93097
591.66736
610.7011
590.6405
612.42395
589.8055
614.0299
589.0127
616.06726
589.12305
617.7927
591.1337
617.444
592.8311
616.3874
594.66327
615.0039
595.8947
614.002
597.53485
612.54626
599.0602
611.1141
600.3455
609.87164
601.82556
608.4141
603.15094
607.0933
604.64844
605.6008
604.59625
605.8592
603.31274
607.3201
601.6618
609.1786
600.574
610.24536
599.28125
611.7765
598.06537
613.4701
596.9931
615.2082
596.1313
616.87286
595.425
618.7744
595.8509
620.44244
597.8459
619.64185
599.4838
618.421
601.13684
616.98834
602.32904
616.0092
603.8569
614.6418
605.37054
613.21735
606.7428
611.89777
608.25745
610.46924
607.9487
611.3415
606.73413
612.91266
605.52094
614.44366
604.3977
616.0069
603.2874
617.7871
602.3065
619.6
601.57153
621.2611
601.2092
623.19165
603.1295
622.90173
604.8143
621.589
606.1202
620.48145
607.5861
619.24646
609.11237
617.8532
610.6088
616.42114
611.98535
615.0697
613.47815
613.5999
614.3643
613.06116
613.16724
614.70416
611.7817
616.50507
610.6933
617.86597
609.4107
619.5564
608.33594
621.3582
607.76434
623.00977
608.68555
624.3701
610.58966
623.6106
612.2102
622.3701
613.7099
620.92004
615.04065
619.5564
616.5999
618.00256
617.82837
616.68555
619.11145
615.2544
620.4695
613.7573
619.57916
615.4149
618.5403
616.9934
617.49255
618.4863
616.23224
620.259
615.35004
621.76886
614.618
623.79535
615.1853
625.45856
617.2561
625.3626
619.0465
624.43787
620.7147
623.1373
622.1151
621.7095
623.19617
620.34973
624.53015
618.73596
625.61816
617.224
625.9895
615.25256
624.6854
613.6963
622.8711
612.8406
620.84717
612.20404
618.8852
611.6947
617.1486
611.2673
615.00934
610.7186
613.2325
610.20624
611.1738
609.4929
609.57166
608.79114
607.8516
607.7879
606.2212
606.3482
605.23395
604.8407
603.8184
603.36774
602.4636
602.02094
601.0722
600.53796
599.6688
598.9351
598.278
597.2287
597.1911
595.7999
596.1406
594.32367
594.898
592.4242
593.9757
590.8715
592.9332
588.90295
592.2029
587.3161
591.4403
585.3312
590.86774
583.3601
590.50977
581.419
590.39105
579.52423
590.59906
577.33466
591.0934
575.5992
592.1086
573.6481
593.3352
572.1508
594.934
570.78784
596.76526
570.09503
598.54614
570.23303
600.32263
570.3559
601.918
570.1238
599.91064
569.223
597.9271
568.397
595.97314
567.5467
594.52246
566.9137
592.68585
566.13116
590.84717
565.35144
589.0066
564.5741
587.16437
563.79877
585.32074
563.0251
583.4759
562.2527
581.63007
561.4811
579.78345
560.71
577.93634
559.939
576.08887
559.1678
574.2414
558.3959
572.394
557.6229
570.547
556.8486
568.7005
556.0724
566.85486
555.294
565.01025
554.51306
563.16693
553.7292
561.325
552.942
559.48486
552.15106
557.6466
551.356
555.8105
550.5565
553.97675
549.7522
552.1456
548.94257
550.31726
548.1274
548.492
547.30615
546.6699
546.4785
544.85144
545.6441
543.03656
544.80255
541.2257
543.9535
539.41895
543.0965
537.6166
542.2312
535.8188
541.35724
534.0259
540.47424
532.238
539.5817
530.4554
538.67944
528.6783
537.7669
526.90686
536.8438
525.1414
535.9098
523.38214
534.96436
521.6292
534.0072
519.88293
533.0379
518.1435
532.05615
516.41113
531.06146
514.68604
530.0535
512.96844
529.032
511.25858
527.9964
509.55667
526.94635
507.8629
525.8816
506.17758
524.80164
504.5009
523.70605
502.833
522.5946
501.17422
521.46686
499.9359
520.6099
683.2915
551.5255
680.8479
551.7104
678.9487
552.00165
677.0981
552.4138
675.2953
552.94086
673.5396
553.5767
671.41003
554.5153
669.75745
555.37384
668.14954
556.32153
666.20105
557.6222
664.69055
558.7483
663.2222
559.9438
661.79517
561.2027
660.4087
562.5189
658.7315
564.23566
657.4335
565.6588
656.1735
567.1196
654.9509
568.612
653.7648
570.12994
652.61444
571.6674
651.2257
573.6074
650.1531
575.1666
649.1137
576.72565
648.1069
578.27844
646.8502
579.83984
645.3257
581.27344
643.80597
582.51056
641.9074
583.7754
640.3849
584.55774
638.4712
585.2428
636.539
585.596
634.58105
585.61053
632.5902
585.2793
630.55914
584.5955
628.9005
583.7899
627.20795
582.7507
625.4776
581.4742
623.734
580.46277
621.8563
579.69226
620.1577
578.8783
618.35846
577.9457
616.4785
576.9296
614.9297
576.08044
612.95435
575.0031
611.355
574.1505
609.34845
573.1261
607.7499
572.3615
605.77655
571.50415
604.23016
570.91895
601.98816
570.2512
600.2128
569.9261
598.22363
569.8663
596.1409
570.329
594.599
571.2516
593.3177
572.72406
592.33136
574.8073
592.7912
576.5303
593.6501
578.2456
594.5839
579.921
595.8522
581.9573
596.944
583.5385
598.10126
585.07605
599.32117
586.5687
600.60065
588.0154
601.9369
589.4149
603.3269
590.7661
605.1357
592.3854
606.6361
593.6237
608.18085
594.80994
609.76697
595.94305
611.3916
597.0217
613.05176
598.045
614.74457
599.0116
616.4671
599.9204
618.21643
600.77026
620.43634
601.7479
622.2353
602.461
624.0515
603.1114
625.8822
603.69794
627.7243
604.2195
629.575
604.6749
631.90894
605.1181
633.60284
605.5022
635.37964
606.1474
637.04456
607.1464
638.3965
608.59296
639.2454
610.5723
639.4547
612.54895
639.2914
614.3961
638.85657
616.36035
638.1926
618.41876
637.495
620.18964
636.69226
621.9969
635.809
623.8273
634.8699
625.6676
633.8993
627.5047
632.9219
629.3253
631.96216
631.11615
631.04474
632.86414
630.19415
634.55597
629.43494
636.17847
628.6792
638.0153
628.06506
639.97766
627.20166
641.7066
626.4076
643.6184
625.7951
645.65424
625.4211
647.4133
625.1331
649.56104
625.0176
651.7069
625.0507
653.4617
625.2429
655.4889
625.5983
657.3885
626.215
659.3842
627.04443
661.0754
628.415
662.6888
630.11774
663.5325
632.1418
663.45654
633.93115
662.66583
635.61035
661.4198
637.10986
659.9468
638.37366
658.4654
639.8103
657.01196
641.36975
655.7865
642.9181
654.5466
644.45526
653.29224
645.9808
652.0236
647.4944
650.74066
648.9959
649.4434
650.485
648.13196
651.9613
646.8062
653.4246
645.4663
654.87463
644.11224
656.31104
642.744
657.7336
641.36176
659.1419
639.96533
660.5358
638.55493
661.91504
637.1305
663.2792
635.6921
664.628
634.2397
666.292
632.40466
667.60535
630.921
668.9024
629.4235
670.18286
627.91223
671.4466
626.3871
672.6932
624.84827
673.92236
623.29565
675.1339
621.7294
676.3274
620.1494
677.5027
618.5558
678.65936
616.9486
679.79724
615.3278
680.91595
613.6935
682.0153
612.04565
683.095
610.3843
684.15466
608.7095
685.19403
607.0213
686.2129
605.3197
687.2108
603.6047
688.1877
601.8764
689.1431
600.13477
690.07684
598.3799
690.9886
596.61176
691.7424
594.77155
692.27936
592.9059
693.3524
590.9021
694.4868
589.53754
696.188
588.0976
697.72986
587.1343
699.39197
586.31726
701.5814
585.4717
703.3769
584.9117
705.17065
584.4339
707.3534
583.92224
709.0064
583.55725
711.24255
583.03766
713.0742
582.4922
714.66864
581.6098
715.1812
579.5232
715.3198
577.71655
715.25305
575.4885
714.9933
573.73755
714.39166
571.5978
713.6745
569.9323
712.4641
567.918
711.23035
566.3678
710.1426
565.2447
708.4662
563.8047
706.6854
562.4336
705.25775
561.1084
703.77203
559.82965
702.2307
558.6068
700.6361
557.44934
698.9907
556.36676
697.2969
555.3685
695.557
554.4641
693.7735
553.6629
691.9488
552.9745
690.0852
552.40826
688.1852
551.9737
685.76263
551.6301
683.7894
551.5264
683.2915
551.5255
689.31775
561.67474
691.3904
562.2677
693.09576
563.1956
694.2944
564.65625
694.4916
566.6515
693.7266
568.4547
692.3242
570.0403
690.72644
571.115
688.8109
571.73334
686.8258
571.48126
685.40704
570.1866
684.71295
568.2804
684.53467
566.27545
685.09045
564.1978
686.3104
562.7982
687.938
561.91034
689.31775
561.67474
580.79095
516.88513
580.93463
519.35345
581.1736
521.28595
581.51715
523.18207
581.9602
525.0429
582.4975
526.86957
583.12396
528.66296
584.0246
530.8597
584.83276
532.5823
585.7134
534.27515
586.66113
535.9393
587.671
537.5758
588.7378
539.18567
590.1434
541.1622
591.31934
542.71606
592.5354
544.24677
593.78644
545.7553
595.06726
547.24274
596.3728
548.7102
597.6978
550.1587
599.0372
551.58923
600.3857
553.0029
601.7382
554.4008
603.4267
556.1275
604.7695
557.49365
606.0994
558.8474
607.4115
560.1899
608.8816
561.573
610.3621
562.94507
611.8528
564.3059
613.3536
565.6557
614.8642
566.99445
616.3845
568.3222
617.9144
569.6389
619.45374
570.94476
621.00226
572.2396
622.5599
573.5237
624.12634
574.7969
625.7016
576.05927
627.2854
577.3109
628.8776
578.5518
630.4781
579.78204
632.0866
581.00165
633.70306
582.21063
635.3273
583.409
636.5504
584.30084
638.1878
585.48083
637.3768
584.94055
635.3388
583.54675
633.70746
582.42694
632.076
581.30237
630.44525
580.17236
628.816
579.0365
627.1891
577.8941
625.5653
576.74475
623.9454
575.5877
622.33014
574.4226
620.72046
573.2488
619.117
572.0657
617.5206
570.87274
615.9321
569.66943
614.3523
568.45526
612.7819
567.22955
611.2218
565.9918
609.6728
564.7415
608.13556
563.478
606.61096
562.20087
605.09985
560.9094
603.6029
559.6032
602.12103
558.28156
600.6549
556.94403
599.20544
555.58997
597.7734
554.21893
596.35956
552.83026
594.96466
551.42346
593.5896
549.9979
592.2351
548.5531
590.9019
547.0885
589.591
545.6035
588.303
544.0976
587.03876
542.5702
585.7991
541.02075
584.5848
539.44867
583.3966
537.8535
582.23535
536.23456
581.59
535.9691
582.1052
537.845
582.7474
539.6529
583.508
541.39636
584.37854
543.07904
585.3506
544.7043
586.6954
546.6606
587.86475
548.1697
589.108
549.6329
590.4167
551.0537
591.7823
552.43567
593.1964
553.78235
594.6505
555.0972
596.5114
556.7014
598.0244
557.95764
599.54987
559.1935
601.0793
560.4125
602.60406
561.6182
604.1159
562.8142
605.6062
564.00397
607.06647
565.191
608.63995
566.3834
610.2661
567.5674
611.90063
568.7397
613.54333
569.9005
615.194
571.0499
616.8524
572.1881
618.51843
573.31525
620.1919
574.4314
621.87256
575.53674
623.56024
576.63135
625.25476
577.71545
626.95593
578.7891
628.6636
579.8525
630.37744
580.9057
632.0974
581.9489
633.8233
582.98224
635.5548
584.00586
637.2919
585.01984
638.1601
585.5339
636.40955
584.5686
634.6621
583.5963
632.918
582.6167
631.1777
581.6296
629.4412
580.63464
627.70905
579.6317
625.9813
578.6206
624.2584
577.6009
622.5405
576.5725
620.828
575.53516
619.1211
574.4885
617.42004
573.43243
615.72516
572.3667
614.0367
571.29095
612.3549
570.2051
610.6802
569.1087
609.01263
568.0017
607.35266
566.8838
605.70056
565.75476
604.05646
564.61426
602.4208
563.46216
600.7937
562.2982
599.1756
561.1221
597.56665
559.9336
595.96716
558.73254
594.37744
557.5187
592.7977
556.2916
591.2283
555.05133
589.66943
553.7974
588.12146
552.5297
586.5846
551.248
585.0591
549.9519
583.5453
548.64136
583.2585
548.8368
584.2551
550.49493
585.3347
552.0838
586.79266
553.9787
588.0392
555.4265
589.3512
556.8181
590.72327
558.1576
592.15
559.4489
593.62604
560.6961
595.14594
561.9032
597.09937
563.3618
598.69836
564.49335
600.3237
565.5979
601.9701
566.67944
603.632
567.742
605.3042
568.78955
606.9812
569.8262
608.65765
570.85583
610.3282
571.8826
611.9873
572.9105
613.62976
573.94354
615.25006
574.9857
617.23615
576.30743
618.6263
577.2282
620.3145
578.248
622.2837
579.39325
623.8009
580.25684
625.67926
581.31055
627.2452
582.179
629.06464
583.1788
630.7531
584.09863
632.67993
585.1393
634.3342
586.0228
633.507
585.5607
631.8716
584.6852
629.9494
583.6603
628.09503
582.66034
626.3389
581.67255
624.5826
580.68445
622.8263
579.6955
621.07043
578.7053
619.31537
577.7133
617.5614
576.719
615.8089
575.7219
614.0582
574.7215
612.3097
573.71735
610.5636
572.70886
609.2559
571.9494
607.515
570.9322
605.7776
569.90936
604.0439
568.8804
602.31433
567.8447
600.58923
566.80194
598.8689
565.75146
597.15375
564.6929
595.4441
563.6256
593.7403
562.5492
592.04266
561.46313
590.3515
560.36694
588.66724
559.26013
586.9902
558.14215
585.3207
557.0125
584.2474
556.6101
585.0314
558.3219
586.2004
560.252
587.2743
561.6422
588.7733
563.20636
590.08545
564.3326
591.85004
565.60266
593.73425
566.7404
595.31445
567.57025
597.3638
568.5258
599.05023
569.23865
600.76733
569.9179
602.94135
570.7371
604.6902
571.38245
606.4365
572.0311
608.1702
572.6946
610.304
573.5619
611.972
574.3
613.9912
575.29663
615.54175
576.16693
617.3819
577.36475
619.0232
577.87225
620.9043
578.7357
622.5351
579.61334
624.6727
580.8572
625.98157
581.64215
627.7261
582.68756
629.43744
583.68317
631.4758
584.7771
632.98254
585.4672
634.95264
586.0703
636.85156
585.79004
637.2664
584.1593
635.7056
582.2956
634.43317
580.8231
633.14124
579.3658
631.8312
577.92255
630.5046
576.4922
629.16284
575.0736
627.80743
573.6657
626.4399
572.26733
625.06165
570.8774
623.67426
569.4946
621.92926
567.7747
620.5265
566.40424
619.1194
565.0373
617.7093
563.6728
616.2977
562.30963
614.8862
560.94666
613.4762
559.58276
612.0692
558.2168
610.6666
556.8476
609.27
555.47406
607.8808
554.0951
606.5004
552.70953
604.7898
550.96655
603.4348
549.562
602.09357
548.1472
600.7675
546.721
599.45807
545.2822
598.16675
543.82983
596.895
542.3626
595.64435
540.8795
594.41626
539.37933
592.9151
537.4784
591.7431
535.93567
590.5985
534.37225
589.4827
532.7869
588.3973
531.17865
587.34357
529.54626
586.3231
527.88855
585.3374
526.2045
584.38794
524.4929
583.2543
522.31305
582.3916
520.5354
581.57
518.72656
580.79095
516.88513
625.73846
603.83765
627.83673
604.3945
629.7168
604.80225
631.6634
605.1278
631.15
604.89355
628.95605
604.54266
627.2294
604.23334
625.73846
603.83765
635.66614
605.74304
634.459
607.70825
633.318
609.4013
632.0477
611.16565
631.02515
612.5157
629.5881
614.3248
628.4685
615.6703
627.32477
616.9904
625.77997
618.6868
624.2352
620.27997
623.09143
621.387
621.6058
622.7193
619.84674
624.1068
618.2414
625.12494
616.58563
625.7677
616.9348
624.1278
617.77594
622.3104
618.76605
620.4589
619.8042
618.67816
620.7893
617.0728
621.8457
615.38654
621.8579
614.83093
620.49426
616.3504
618.9242
618.1546
617.81775
619.2472
616.1686
620.9927
615.00867
622.4943
613.97656
624.07947
613.0594
625.73883
612.24426
627.46295
611.3494
629.6951
610.71716
631.5311
610.14526
633.4016
609.62085
635.2974
609.13116
637.2091
608.6633
639.1274
608.2045
641.0429
607.7419
642.9464
607.2626
644.82855
606.7537
646.68005
606.098
648.9813
605.688
650.94183
605.2909
652.90405
604.90656
654.86804
604.5347
656.8337
604.17523
658.80096
603.8279
660.76984
603.4924
662.74023
603.1686
664.71216
602.8562
666.68555
602.5552
668.6604
602.2652
670.63666
601.9861
672.61426
601.7175
674.5932
601.45953
676.57336
601.2117
678.5549
600.9739
680.53754
600.74585
682.52136
600.52747
684.50635
600.3184
686.4924
600.1186
688.4795
599.92773
690.4676
599.74567
692.45667
599.5721
694.44666
599.4069
696.43756
599.2498
698.4293
599.1007
700.42194
598.9593
702.4153
598.8253
704.4094
598.6987
706.4042
598.5792
708.39966
598.46655
710.39575
598.3606
712.39246
598.26105
714.38965
598.1678
716.3873
598.08057
718.3855
597.99915
720.38416
597.9234
722.3831
597.853
724.38245
597.7879
726.38214
597.7278
728.3821
597.6724
730.3822
597.62164
732.38257
597.57526
734.38306
597.533
736.3837
597.49475
738.38446
597.4602
740.3852
597.4292
742.3859
597.4015
744.3866
597.37695
746.38727
597.3553
748.38776
597.3363
750.3881
597.3198
752.3883
597.3056
754.3882
597.2935
756.3878
597.28326
758.3872
597.27466
760.3862
597.26746
762.38477
597.26154
764.383
597.2566
766.38074
597.2525
768.378
597.249
770.37463
597.246
772.3707
597.24304
774.3662
597.28284
775.3685
597.44794
773.3928
597.60864
771.4151
597.76575
769.43555
597.9199
767.4543
598.07184
765.47156
598.22217
763.48755
598.3716
761.50244
598.5208
759.51636
598.67053
757.52954
598.8215
755.54205
598.97424
753.5542
599.1296
751.56604
599.28815
749.57794
599.4506
747.5899
599.61774
745.60223
599.79016
743.615
599.96857
741.6285
600.1536
739.64276
600.34607
737.6581
600.5466
735.6746
600.7558
733.6925
600.9745
731.712
601.20325
729.73315
601.4428
727.75635
601.6939
725.78156
601.95715
723.8091
602.2333
721.839
602.5229
719.87164
602.8268
717.90704
603.1456
715.9455
603.48004
713.98706
603.8308
712.032
604.1985
710.0805
604.5839
708.1327
604.9877
706.1888
605.41046
704.2489
605.853
702.31335
606.31604
700.3822
606.9245
697.97473
607.436
696.0542
607.9701
694.1386
608.5275
692.2283
609.109
690.3233
609.7152
688.4238
610.21075
686.56976
610.4777
684.91034
611.15894
682.9896
612.1721
681.222
613.4595
679.58856
614.96295
678.07043
616.2825
676.9263
618.0292
675.5683
619.46826
674.52783
621.2705
673.2688
622.67896
672.2831
624.3492
671.062
625.8649
669.8356
627.39844
668.33026
628.5261
666.75757
629.1952
664.7941
628.97217
662.81934
628.31213
660.9822
627.8139
659.15173
627.4048
656.8733
627.2372
655.0584
627.20166
653.2505
627.32886
651.0007
627.5569
649.20886
627.98456
646.9795
628.4296
645.2043
628.9563
643.4366
629.71533
641.2377
630.392
639.4871
631.1204
637.7444
631.8914
636.0095
632.9011
633.8521
633.7344
632.13525
634.5804
630.4265
635.43
628.726
636.27405
627.0338
637.30725
624.9304
638.1052
623.2572
638.86774
621.5926
639.7571
619.52405
640.59937
617.6974
641.2888
615.7582
641.6745
614.1376
641.89124
612.116
641.6709
609.8389
641.0058
608.19214
639.5267
606.6785
637.6454
605.9293
635.66614
605.74304
635.66614
605.74304
